0.000000 0.980000 0.000464
0.020000 0.980000 0.002880
0.040000 0.980000 0.004747
0.060000 0.980000 0.006319
0.080000 0.980000 0.007695
0.100000 0.980000 0.008925
0.120000 0.980000 0.010037
0.140000 0.980000 0.011051
0.160000 0.980000 0.011979
0.180000 0.980000 0.012831
0.200000 0.980000 0.013615
0.220000 0.980000 0.014335
0.240000 0.980000 0.014997
0.260000 0.980000 0.015603
0.280000 0.980000 0.016157
0.300000 0.980000 0.016660
0.320000 0.980000 0.017115
0.340000 0.980000 0.017522
0.360000 0.980000 0.017883
0.380000 0.980000 0.018199
0.400000 0.980000 0.018470
0.420000 0.980000 0.018697
0.440000 0.980000 0.018880
0.460000 0.980000 0.019019
0.480000 0.980000 0.019113
0.500000 0.980000 0.019164
0.520000 0.980000 0.019169
0.540000 0.980000 0.019129
0.560000 0.980000 0.019043
0.580000 0.980000 0.018910
0.600000 0.980000 0.018729
0.620000 0.980000 0.018498
0.640000 0.980000 0.018217
0.660000 0.980000 0.017883
0.680000 0.980000 0.017494
0.700000 0.980000 0.017048
0.720000 0.980000 0.016543
0.740000 0.980000 0.015974
0.760000 0.980000 0.015338
0.780000 0.980000 0.014630
0.800000 0.980000 0.013845
0.820000 0.980000 0.012975
0.840000 0.980000 0.012012
0.860000 0.980000 0.010944
0.880000 0.980000 0.009756
0.900000 0.980000 0.008427
0.920000 0.980000 0.006927
0.940000 0.980000 0.005204
0.960000 0.980000 0.003168
0.980000 0.980000 0.000615

0.000000 0.960000 0.000799
0.020000 0.960000 0.007218
0.040000 0.960000 0.012561
0.060000 0.960000 0.017172
0.080000 0.960000 0.021248
0.100000 0.960000 0.024907
0.120000 0.960000 0.028223
0.140000 0.960000 0.031250
0.160000 0.960000 0.034025
0.180000 0.960000 0.036573
0.200000 0.960000 0.038918
0.220000 0.960000 0.041074
0.240000 0.960000 0.043054
0.260000 0.960000 0.044870
0.280000 0.960000 0.046528
0.300000 0.960000 0.048035
0.320000 0.960000 0.049397
0.340000 0.960000 0.050617
0.360000 0.960000 0.051699
0.380000 0.960000 0.052646
0.400000 0.960000 0.053459
0.420000 0.960000 0.054139
0.440000 0.960000 0.054686
0.460000 0.960000 0.055102
0.480000 0.960000 0.055386
0.500000 0.960000 0.055537
0.520000 0.960000 0.055553
0.540000 0.960000 0.055433
0.560000 0.960000 0.055175
0.580000 0.960000 0.054777
0.600000 0.960000 0.054234
0.620000 0.960000 0.053543
0.640000 0.960000 0.052700
0.660000 0.960000 0.051699
0.680000 0.960000 0.050535
0.700000 0.960000 0.049200
0.720000 0.960000 0.047685
0.740000 0.960000 0.045982
0.760000 0.960000 0.044078
0.780000 0.960000 0.041960
0.800000 0.960000 0.039610
0.820000 0.960000 0.037008
0.840000 0.960000 0.034129
0.860000 0.960000 0.030939
0.880000 0.960000 0.027395
0.900000 0.960000 0.023438
0.920000 0.960000 0.018984
0.940000 0.960000 0.013906
0.960000 0.960000 0.007999
0.980000 0.960000 0.000900

0.000000 0.940000 0.000931
0.020000 0.940000 0.010717
0.040000 0.940000 0.019174
0.060000 0.940000 0.026619
0.080000 0.940000 0.033270
0.100000 0.940000 0.039276
0.120000 0.940000 0.044742
0.140000 0.940000 0.049741
0.160000 0.940000 0.054331
0.180000 0.940000 0.058552
0.200000 0.940000 0.062439
0.220000 0.940000 0.066015
0.240000 0.940000 0.069302
0.260000 0.940000 0.072316
0.280000 0.940000 0.075070
0.300000 0.940000 0.077574
0.320000 0.940000 0.079837
0.340000 0.940000 0.081866
0.360000 0.940000 0.083665
0.380000 0.940000 0.085239
0.400000 0.940000 0.086590
0.420000 0.940000 0.087721
0.440000 0.940000 0.088632
0.460000 0.940000 0.089324
0.480000 0.940000 0.089796
0.500000 0.940000 0.090046
0.520000 0.940000 0.090074
0.540000 0.940000 0.089875
0.560000 0.940000 0.089446
0.580000 0.940000 0.088783
0.600000 0.940000 0.087880
0.620000 0.940000 0.086732
0.640000 0.940000 0.085331
0.660000 0.940000 0.083667
0.680000 0.940000 0.081732
0.700000 0.940000 0.079514
0.720000 0.940000 0.076999
0.740000 0.940000 0.074170
0.760000 0.940000 0.071010
0.780000 0.940000 0.067495
0.800000 0.940000 0.063599
0.820000 0.940000 0.059288
0.840000 0.940000 0.054522
0.860000 0.940000 0.049249
0.880000 0.940000 0.043404
0.900000 0.940000 0.036897
0.920000 0.940000 0.029611
0.940000 0.940000 0.021377
0.960000 0.940000 0.011950
0.980000 0.940000 0.000968

0.000000 0.920000 0.000974
0.020000 0.920000 0.013669
0.040000 0.920000 0.024906
0.060000 0.920000 0.034955
0.080000 0.920000 0.044022
0.100000 0.920000 0.052263
0.120000 0.920000 0.059794
0.140000 0.920000 0.066705
0.160000 0.920000 0.073062
0.180000 0.920000 0.078919
0.200000 0.920000 0.084318
0.220000 0.920000 0.089291
0.240000 0.920000 0.093865
0.260000 0.920000 0.098061
0.280000 0.920000 0.101897
0.300000 0.920000 0.105387
0.320000 0.920000 0.108541
0.340000 0.920000 0.111370
0.360000 0.920000 0.113879
0.380000 0.920000 0.116074
0.400000 0.920000 0.117959
0.420000 0.920000 0.119537
0.440000 0.920000 0.120809
0.460000 0.920000 0.121774
0.480000 0.920000 0.122433
0.500000 0.920000 0.122783
0.520000 0.920000 0.122821
0.540000 0.920000 0.122544
0.560000 0.920000 0.121946
0.580000 0.920000 0.121021
0.600000 0.920000 0.119762
0.620000 0.920000 0.118161
0.640000 0.920000 0.116206
0.660000 0.920000 0.113887
0.680000 0.920000 0.111190
0.700000 0.920000 0.108099
0.720000 0.920000 0.104595
0.740000 0.920000 0.100656
0.760000 0.920000 0.096258
0.780000 0.920000 0.091369
0.800000 0.920000 0.085955
0.820000 0.920000 0.079970
0.840000 0.920000 0.073364
0.860000 0.920000 0.066069
0.880000 0.920000 0.058002
0.900000 0.920000 0.049058
0.920000 0.920000 0.039099
0.940000 0.920000 0.027942
0.960000 0.920000 0.015344
0.980000 0.920000 0.000985

0.000000 0.900000 0.000986
0.020000 0.900000 0.016240
0.040000 0.900000 0.029970
0.060000 0.900000 0.042400
0.080000 0.900000 0.053715
0.100000 0.900000 0.064063
0.120000 0.900000 0.073563
0.140000 0.900000 0.082309
0.160000 0.900000 0.090374
0.180000 0.900000 0.097819
0.200000 0.900000 0.104691
0.220000 0.900000 0.111028
0.240000 0.900000 0.116863
0.260000 0.900000 0.122219
0.280000 0.900000 0.127119
0.300000 0.900000 0.131578
0.320000 0.900000 0.135611
0.340000 0.900000 0.139228
0.360000 0.900000 0.142438
0.380000 0.900000 0.145247
0.400000 0.900000 0.147660
0.420000 0.900000 0.149680
0.440000 0.900000 0.151308
0.460000 0.900000 0.152544
0.480000 0.900000 0.153388
0.500000 0.900000 0.153836
0.520000 0.900000 0.153886
0.540000 0.900000 0.153531
0.560000 0.900000 0.152766
0.580000 0.900000 0.151583
0.600000 0.900000 0.149972
0.620000 0.900000 0.147923
0.640000 0.900000 0.145423
0.660000 0.900000 0.142458
0.680000 0.900000 0.139010
0.700000 0.900000 0.135059
0.720000 0.900000 0.130583
0.740000 0.900000 0.125554
0.760000 0.900000 0.119942
0.780000 0.900000 0.113710
0.800000 0.900000 0.106814
0.820000 0.900000 0.099203
0.840000 0.900000 0.090814
0.860000 0.900000 0.081571
0.880000 0.900000 0.071380
0.900000 0.900000 0.060126
0.920000 0.900000 0.047665
0.940000 0.900000 0.033813
0.960000 0.900000 0.018347
0.980000 0.900000 0.000990

0.000000 0.880000 0.000990
0.020000 0.880000 0.018526
0.040000 0.880000 0.034508
0.060000 0.880000 0.049117
0.080000 0.880000 0.062516
0.100000 0.880000 0.074842
0.120000 0.880000 0.086206
0.140000 0.880000 0.096703
0.160000 0.880000 0.106409
0.180000 0.880000 0.115386
0.200000 0.880000 0.123685
0.220000 0.880000 0.131349
0.240000 0.880000 0.138412
0.260000 0.880000 0.144902
0.280000 0.880000 0.150843
0.300000 0.880000 0.156253
0.320000 0.880000 0.161148
0.340000 0.880000 0.165540
0.360000 0.880000 0.169440
0.380000 0.880000 0.172853
0.400000 0.880000 0.175786
0.420000 0.880000 0.178241
0.440000 0.880000 0.180220
0.460000 0.880000 0.181724
0.480000 0.880000 0.182750
0.500000 0.880000 0.183295
0.520000 0.880000 0.183356
0.540000 0.880000 0.182925
0.560000 0.880000 0.181996
0.580000 0.880000 0.180558
0.600000 0.880000 0.178601
0.620000 0.880000 0.176112
0.640000 0.880000 0.173076
0.660000 0.880000 0.169475
0.680000 0.880000 0.165290
0.700000 0.880000 0.160497
0.720000 0.880000 0.155069
0.740000 0.880000 0.148975
0.760000 0.880000 0.142179
0.780000 0.880000 0.134639
0.800000 0.880000 0.126306
0.820000 0.880000 0.117121
0.840000 0.880000 0.107016
0.860000 0.880000 0.095908
0.880000 0.880000 0.083697
0.900000 0.880000 0.070266
0.920000 0.880000 0.055468
0.940000 0.880000 0.039132
0.960000 0.880000 0.021052
0.980000 0.880000 0.000991

0.000000 0.860000 0.000991
0.020000 0.860000 0.020590
0.040000 0.860000 0.038619
0.060000 0.860000 0.055229
0.080000 0.860000 0.070561
0.100000 0.860000 0.084736
0.120000 0.860000 0.097860
0.140000 0.860000 0.110021
0.160000 0.860000 0.121294
0.180000 0.860000 0.131743
0.200000 0.860000 0.141420
0.220000 0.860000 0.150367
0.240000 0.860000 0.158623
0.260000 0.860000 0.166216
0.280000 0.860000 0.173172
0.300000 0.860000 0.179511
0.320000 0.860000 0.185250
0.340000 0.860000 0.190401
0.360000 0.860000 0.194976
0.380000 0.860000 0.198983
0.400000 0.860000 0.202426
0.420000 0.860000 0.205309
0.440000 0.860000 0.207634
0.460000 0.860000 0.209400
0.480000 0.860000 0.210606
0.500000 0.860000 0.211248
0.520000 0.860000 0.211319
0.540000 0.860000 0.210814
0.560000 0.860000 0.209723
0.580000 0.860000 0.208036
0.600000 0.860000 0.205739
0.620000 0.860000 0.202819
0.640000 0.860000 0.199257
0.660000 0.860000 0.195035
0.680000 0.860000 0.190128
0.700000 0.860000 0.184512
0.720000 0.860000 0.178155
0.740000 0.860000 0.171023
0.760000 0.860000 0.163077
0.780000 0.860000 0.154270
0.800000 0.860000 0.144548
0.820000 0.860000 0.133848
0.840000 0.860000 0.122098
0.860000 0.860000 0.109212
0.880000 0.860000 0.095088
0.900000 0.860000 0.079608
0.920000 0.860000 0.062632
0.940000 0.860000 0.043997
0.960000 0.860000 0.023520
0.980000 0.860000 0.000991

0.000000 0.840000 0.000991
0.020000 0.840000 0.022471
0.040000 0.840000 0.042375
0.060000 0.840000 0.060830
0.080000 0.840000 0.077956
0.100000 0.840000 0.093861
0.120000 0.840000 0.108641
0.140000 0.840000 0.122379
0.160000 0.840000 0.135147
0.180000 0.840000 0.147004
0.200000 0.840000 0.158005
0.220000 0.840000 0.168191
0.240000 0.840000 0.177600
0.260000 0.840000 0.186263
0.280000 0.840000 0.194206
0.300000 0.840000 0.201450
0.320000 0.840000 0.208011
0.340000 0.840000 0.213904
0.360000 0.840000 0.219140
0.380000 0.840000 0.223727
0.400000 0.840000 0.227670
0.420000 0.840000 0.230973
0.440000 0.840000 0.233637
0.460000 0.840000 0.235661
0.480000 0.840000 0.237043
0.500000 0.840000 0.237779
0.520000 0.840000 0.237862
0.540000 0.840000 0.237284
0.560000 0.840000 0.236035
0.580000 0.840000 0.234104
0.600000 0.840000 0.231475
0.620000 0.840000 0.228133
0.640000 0.840000 0.224057
0.660000 0.840000 0.219227
0.680000 0.840000 0.213617
0.700000 0.840000 0.207199
0.720000 0.840000 0.199939
0.740000 0.840000 0.191801
0.760000 0.840000 0.182740
0.780000 0.840000 0.172709
0.800000 0.840000 0.161649
0.820000 0.840000 0.149496
0.840000 0.840000 0.136175
0.860000 0.840000 0.121597
0.880000 0.840000 0.105664
0.900000 0.840000 0.088258
0.920000 0.840000 0.069246
0.940000 0.840000 0.048480
0.960000 0.840000 0.025789
0.980000 0.840000 0.000991

0.000000 0.820000 0.000991
0.020000 0.820000 0.024199
0.040000 0.820000 0.045830
0.060000 0.820000 0.065992
0.080000 0.820000 0.084787
0.100000 0.820000 0.102312
0.120000 0.820000 0.118651
0.140000 0.820000 0.133881
0.160000 0.820000 0.148069
0.180000 0.820000 0.161273
0.200000 0.820000 0.173542
0.220000 0.820000 0.184920
0.240000 0.820000 0.195442
0.260000 0.820000 0.205140
0.280000 0.820000 0.214040
0.300000 0.820000 0.222162
0.320000 0.820000 0.229524
0.340000 0.820000 0.236139
0.360000 0.820000 0.242020
0.380000 0.820000 0.247173
0.400000 0.820000 0.251605
0.420000 0.820000 0.255318
0.440000 0.820000 0.258314
0.460000 0.820000 0.260590
0.480000 0.820000 0.262146
0.500000 0.820000 0.262974
0.520000 0.820000 0.263068
0.540000 0.820000 0.262420
0.560000 0.820000 0.261017
0.580000 0.820000 0.258847
0.600000 0.820000 0.255893
0.620000 0.820000 0.252139
0.640000 0.820000 0.247563
0.660000 0.820000 0.242142
0.680000 0.820000 0.235848
0.700000 0.820000 0.228650
0.720000 0.820000 0.220515
0.740000 0.820000 0.211401
0.760000 0.820000 0.201265
0.780000 0.820000 0.190053
0.800000 0.820000 0.177709
0.820000 0.820000 0.164165
0.840000 0.820000 0.149345
0.860000 0.820000 0.133162
0.880000 0.820000 0.115518
0.900000 0.820000 0.096301
0.920000 0.820000 0.075386
0.940000 0.820000 0.052633
0.960000 0.820000 0.027890
0.980000 0.820000 0.000991

0.000000 0.800000 0.000991
0.020000 0.800000 0.025796
0.040000 0.800000 0.049026
0.060000 0.800000 0.070773
0.080000 0.800000 0.091126
0.100000 0.800000 0.110168
0.120000 0.800000 0.127975
0.140000 0.800000 0.144617
0.160000 0.800000 0.160154
0.180000 0.800000 0.174641
0.200000 0.800000 0.188125
0.220000 0.800000 0.200647
0.240000 0.800000 0.212242
0.260000 0.800000 0.222939
0.280000 0.800000 0.232764
0.300000 0.800000 0.241737
0.320000 0.800000 0.249876
0.340000 0.800000 0.257194
0.360000 0.800000 0.263702
0.380000 0.800000 0.269407
0.400000 0.800000 0.274315
0.420000 0.800000 0.278429
0.440000 0.800000 0.281748
0.460000 0.800000 0.284272
0.480000 0.800000 0.285996
0.500000 0.800000 0.286915
0.520000 0.800000 0.287021
0.540000 0.800000 0.286303
0.560000 0.800000 0.284750
0.580000 0.800000 0.282348
0.600000 0.800000 0.279078
0.620000 0.800000 0.274923
0.640000 0.800000 0.269860
0.660000 0.800000 0.263864
0.680000 0.800000 0.256905
0.700000 0.800000 0.248953
0.720000 0.800000 0.239970
0.740000 0.800000 0.229915
0.760000 0.800000 0.218741
0.780000 0.800000 0.206395
0.800000 0.800000 0.192819
0.820000 0.800000 0.177945
0.840000 0.800000 0.161697
0.860000 0.800000 0.143991
0.880000 0.800000 0.124730
0.900000 0.800000 0.103808
0.920000 0.800000 0.081108
0.940000 0.800000 0.056500
0.960000 0.800000 0.029844
0.980000 0.800000 0.000991

0.000000 0.780000 0.000991
0.020000 0.780000 0.027279
0.040000 0.780000 0.051997
0.060000 0.780000 0.075222
0.080000 0.780000 0.097032
0.100000 0.780000 0.117498
0.120000 0.780000 0.136689
0.140000 0.780000 0.154666
0.160000 0.780000 0.171485
0.180000 0.780000 0.187195
0.200000 0.780000 0.201840
0.220000 0.780000 0.215459
0.240000 0.780000 0.228084
0.260000 0.780000 0.239744
0.280000 0.780000 0.250463
0.300000 0.780000 0.260260
0.320000 0.780000 0.269152
0.340000 0.780000 0.277151
0.360000 0.780000 0.284269
0.380000 0.780000 0.290511
0.400000 0.780000 0.295883
0.420000 0.780000 0.300386
0.440000 0.780000 0.304022
0.460000 0.780000 0.306786
0.480000 0.780000 0.308675
0.500000 0.780000 0.309683
0.520000 0.780000 0.309800
0.540000 0.780000 0.309015
0.560000 0.780000 0.307316
0.580000 0.780000 0.304688
0.600000 0.780000 0.301111
0.620000 0.780000 0.296566
0.640000 0.780000 0.291030
0.660000 0.780000 0.284476
0.680000 0.780000 0.276874
0.700000 0.780000 0.268190
0.720000 0.780000 0.258388
0.740000 0.780000 0.247425
0.760000 0.780000 0.235252
0.780000 0.780000 0.221818
0.800000 0.780000 0.207062
0.820000 0.780000 0.190918
0.840000 0.780000 0.173311
0.860000 0.780000 0.154158
0.880000 0.780000 0.133368
0.900000 0.780000 0.110839
0.920000 0.780000 0.086462
0.940000 0.780000 0.060114
0.960000 0.780000 0.031670
0.980000 0.780000 0.000991

0.000000 0.760000 0.000991
0.020000 0.760000 0.028663
0.040000 0.760000 0.054770
0.060000 0.760000 0.079378
0.080000 0.760000 0.102555
0.100000 0.760000 0.124362
0.120000 0.760000 0.144858
0.140000 0.760000 0.164100
0.160000 0.760000 0.182136
0.180000 0.760000 0.199011
0.200000 0.760000 0.214767
0.220000 0.760000 0.229436
0.240000 0.760000 0.243052
0.260000 0.760000 0.255638
0.280000 0.760000 0.267219
0.300000 0.760000 0.277812
0.320000 0.760000 0.287432
0.340000 0.760000 0.296092
0.360000 0.760000 0.303801
0.380000 0.760000 0.310565
0.400000 0.760000 0.316388
0.420000 0.760000 0.321271
0.440000 0.760000 0.325213
0.460000 0.760000 0.328212
0.480000 0.760000 0.330262
0.500000 0.760000 0.331356
0.520000 0.760000 0.331484
0.540000 0.760000 0.330635
0.560000 0.760000 0.328794
0.580000 0.760000 0.325945
0.600000 0.760000 0.322070
0.620000 0.760000 0.317147
0.640000 0.760000 0.311152
0.660000 0.760000 0.304057
0.680000 0.760000 0.295832
0.700000 0.760000 0.286442
0.720000 0.760000 0.275849
0.740000 0.760000 0.264011
0.760000 0.760000 0.250879
0.780000 0.760000 0.236399
0.800000 0.760000 0.220514
0.820000 0.760000 0.203157
0.840000 0.760000 0.184255
0.860000 0.760000 0.163730
0.880000 0.760000 0.141492
0.900000 0.760000 0.117445
0.920000 0.760000 0.091487
0.940000 0.760000 0.063506
0.960000 0.760000 0.033382
0.980000 0.760000 0.000991

0.000000 0.740000 0.000991
0.020000 0.740000 0.029960
0.040000 0.740000 0.057369
0.060000 0.740000 0.083276
0.080000 0.740000 0.107738
0.100000 0.740000 0.130809
0.120000 0.740000 0.152540
0.140000 0.740000 0.172980
0.160000 0.740000 0.192174
0.180000 0.740000 0.210160
0.200000 0.740000 0.226976
0.220000 0.740000 0.242653
0.240000 0.740000 0.257219
0.260000 0.740000 0.270697
0.280000 0.740000 0.283109
0.300000 0.740000 0.294470
0.320000 0.740000 0.304795
0.340000 0.740000 0.314095
0.360000 0.740000 0.322377
0.380000 0.740000 0.329646
0.400000 0.740000 0.335907
0.420000 0.740000 0.341159
0.440000 0.740000 0.345400
0.460000 0.740000 0.348627
0.480000 0.740000 0.350833
0.500000 0.740000 0.352011
0.520000 0.740000 0.352150
0.540000 0.740000 0.351237
0.560000 0.740000 0.349259
0.580000 0.740000 0.346196
0.600000 0.740000 0.342031
0.620000 0.740000 0.336741
0.640000 0.740000 0.330301
0.660000 0.740000 0.322683
0.680000 0.740000 0.313855
0.700000 0.740000 0.303784
0.720000 0.740000 0.292428
0.740000 0.740000 0.279747
0.760000 0.740000 0.265692
0.780000 0.740000 0.250211
0.800000 0.740000 0.233244
0.820000 0.740000 0.214729
0.840000 0.740000 0.194594
0.860000 0.740000 0.172763
0.880000 0.740000 0.149152
0.900000 0.740000 0.123670
0.920000 0.740000 0.096220
0.940000 0.740000 0.066697
0.960000 0.740000 0.034993
0.980000 0.740000 0.000991

0.000000 0.720000 0.000991
0.020000 0.720000 0.031179
0.040000 0.720000 0.059814
0.060000 0.720000 0.086944
0.080000 0.720000 0.112619
0.100000 0.720000 0.136885
0.120000 0.720000 0.159786
0.140000 0.720000 0.181365
0.160000 0.720000 0.201660
0.180000 0.720000 0.220706
0.200000 0.720000 0.238537
0.220000 0.720000 0.255178
0.240000 0.720000 0.270657
0.260000 0.720000 0.284993
0.280000 0.720000 0.298205
0.300000 0.720000 0.310308
0.320000 0.720000 0.321314
0.340000 0.720000 0.331232
0.360000 0.720000 0.340070
0.380000 0.720000 0.347830
0.400000 0.720000 0.354515
0.420000 0.720000 0.360125
0.440000 0.720000 0.364656
0.460000 0.720000 0.368105
0.480000 0.720000 0.370463
0.500000 0.720000 0.371722
0.520000 0.720000 0.371872
0.540000 0.720000 0.370898
0.560000 0.720000 0.368785
0.580000 0.720000 0.365516
0.600000 0.720000 0.361069
0.620000 0.720000 0.355423
0.640000 0.720000 0.348552
0.660000 0.720000 0.340427
0.680000 0.720000 0.331017
0.700000 0.720000 0.320286
0.720000 0.720000 0.308196
0.740000 0.720000 0.294704
0.760000 0.720000 0.279762
0.780000 0.720000 0.263319
0.800000 0.720000 0.245317
0.820000 0.720000 0.225695
0.840000 0.720000 0.204384
0.860000 0.720000 0.181311
0.880000 0.720000 0.156395
0.900000 0.720000 0.129552
0.920000 0.720000 0.100690
0.940000 0.720000 0.069711
0.960000 0.720000 0.036513
0.980000 0.720000 0.000991

0.000000 0.700000 0.000991
0.020000 0.700000 0.032330
0.040000 0.700000 0.062122
0.060000 0.700000 0.090409
0.080000 0.700000 0.117232
0.100000 0.700000 0.142630
0.120000 0.700000 0.166642
0.140000 0.700000 0.189304
0.160000 0.700000 0.210649
0.180000 0.700000 0.230708
0.200000 0.700000 0.249509
0.220000 0.700000 0.267077
0.240000 0.700000 0.283432
0.260000 0.700000 0.298594
0.280000 0.700000 0.312577
0.300000 0.700000 0.325396
0.320000 0.700000 0.337060
0.340000 0.700000 0.347577
0.360000 0.700000 0.356952
0.380000 0.700000 0.365188
0.400000 0.700000 0.372285
0.420000 0.700000 0.378242
0.440000 0.700000 0.383055
0.460000 0.700000 0.386718
0.480000 0.700000 0.389224
0.500000 0.700000 0.390562
0.520000 0.700000 0.390722
0.540000 0.700000 0.389688
0.560000 0.700000 0.387445
0.580000 0.700000 0.383974
0.600000 0.700000 0.379255
0.620000 0.700000 0.373264
0.640000 0.700000 0.365975
0.660000 0.700000 0.357360
0.680000 0.700000 0.347386
0.700000 0.700000 0.336019
0.720000 0.700000 0.323220
0.740000 0.700000 0.308946
0.760000 0.700000 0.293152
0.780000 0.700000 0.275785
0.800000 0.700000 0.256792
0.820000 0.700000 0.236110
0.840000 0.700000 0.213676
0.860000 0.700000 0.189419
0.880000 0.700000 0.163262
0.900000 0.700000 0.135126
0.920000 0.700000 0.104923
0.940000 0.700000 0.072564
0.960000 0.700000 0.037953
0.980000 0.700000 0.000991

0.000000 0.680000 0.000991
0.020000 0.680000 0.033420
0.040000 0.680000 0.064309
0.060000 0.680000 0.093692
0.080000 0.680000 0.121605
0.100000 0.680000 0.148079
0.120000 0.680000 0.173149
0.140000 0.680000 0.196844
0.160000 0.680000 0.219192
0.180000 0.680000 0.240221
0.200000 0.680000 0.259952
0.220000 0.680000 0.278408
0.240000 0.680000 0.295606
0.260000 0.680000 0.311563
0.280000 0.680000 0.326291
0.300000 0.680000 0.339801
0.320000 0.680000 0.352101
0.340000 0.680000 0.363197
0.360000 0.680000 0.373093
0.380000 0.680000 0.381789
0.400000 0.680000 0.389286
0.420000 0.680000 0.395579
0.440000 0.680000 0.400665
0.460000 0.680000 0.404537
0.480000 0.680000 0.407186
0.500000 0.680000 0.408601
0.520000 0.680000 0.408770
0.540000 0.680000 0.407678
0.560000 0.680000 0.405308
0.580000 0.680000 0.401641
0.600000 0.680000 0.396657
0.620000 0.680000 0.390331
0.640000 0.680000 0.382637
0.660000 0.680000 0.373547
0.680000 0.680000 0.363028
0.700000 0.680000 0.351047
0.720000 0.680000 0.337563
0.740000 0.680000 0.322537
0.760000 0.680000 0.305922
0.780000 0.680000 0.287668
0.800000 0.680000 0.267722
0.820000 0.680000 0.246027
0.840000 0.680000 0.222519
0.860000 0.680000 0.197130
0.880000 0.680000 0.169790
0.900000 0.680000 0.140422
0.920000 0.680000 0.108945
0.940000 0.680000 0.075274
0.960000 0.680000 0.039320
0.980000 0.680000 0.000991

0.000000 0.660000 0.000991
0.020000 0.660000 0.034456
0.040000 0.660000 0.066388
0.060000 0.660000 0.096815
0.080000 0.660000 0.125765
0.100000 0.660000 0.153266
0.120000 0.660000 0.179346
0.140000 0.660000 0.204028
0.160000 0.660000 0.227337
0.180000 0.660000 0.249294
0.200000 0.660000 0.269919
0.220000 0.660000 0.289229
0.240000 0.660000 0.307239
0.260000 0.660000 0.323962
0.280000 0.660000 0.339409
0.300000 0.660000 0.353587
0.320000 0.660000 0.366502
0.340000 0.660000 0.378159
0.360000 0.660000 0.388559
0.380000 0.660000 0.397702
0.400000 0.660000 0.405585
0.420000 0.660000 0.412205
0.440000 0.660000 0.417556
0.460000 0.660000 0.421630
0.480000 0.660000 0.424418
0.500000 0.660000 0.425907
0.520000 0.660000 0.426084
0.540000 0.660000 0.424935
0.560000 0.660000 0.422441
0.580000 0.660000 0.418584
0.600000 0.660000 0.413342
0.620000 0.660000 0.406691
0.640000 0.660000 0.398604
0.660000 0.660000 0.389054
0.680000 0.660000 0.378007
0.700000 0.660000 0.365431
0.720000 0.660000 0.351287
0.740000 0.660000 0.335534
0.760000 0.660000 0.318128
0.780000 0.660000 0.299021
0.800000 0.660000 0.278160
0.820000 0.660000 0.255492
0.840000 0.660000 0.230954
0.860000 0.660000 0.204484
0.880000 0.660000 0.176013
0.900000 0.660000 0.145469
0.920000 0.660000 0.112776
0.940000 0.660000 0.077854
0.960000 0.660000 0.040621
0.980000 0.660000 0.000991

0.000000 0.640000 0.000991
0.020000 0.640000 0.035445
0.040000 0.640000 0.068373
0.060000 0.640000 0.099796
0.080000 0.640000 0.129738
0.100000 0.640000 0.158221
0.120000 0.640000 0.185266
0.140000 0.640000 0.210895
0.160000 0.640000 0.235125
0.180000 0.640000 0.257975
0.200000 0.640000 0.279460
0.220000 0.640000 0.299593
0.240000 0.640000 0.318386
0.260000 0.640000 0.335849
0.280000 0.640000 0.351990
0.300000 0.640000 0.366814
0.320000 0.640000 0.380325
0.340000 0.640000 0.392525
0.360000 0.640000 0.403414
0.380000 0.640000 0.412990
0.400000 0.640000 0.421249
0.420000 0.640000 0.428186
0.440000 0.640000 0.433794
0.460000 0.640000 0.438064
0.480000 0.640000 0.440986
0.500000 0.640000 0.442546
0.520000 0.640000 0.442731
0.540000 0.640000 0.441526
0.560000 0.640000 0.438911
0.580000 0.640000 0.434868
0.600000 0.640000 0.429375
0.620000 0.640000 0.422407
0.640000 0.640000 0.413939
0.660000 0.640000 0.403941
0.680000 0.640000 0.392383
0.700000 0.640000 0.379231
0.720000 0.640000 0.364447
0.740000 0.640000 0.347993
0.760000 0.640000 0.329824
0.780000 0.640000 0.309894
0.800000 0.640000 0.288153
0.820000 0.640000 0.264549
0.840000 0.640000 0.239023
0.860000 0.640000 0.211515
0.880000 0.640000 0.181960
0.900000 0.640000 0.150291
0.920000 0.640000 0.116435
0.940000 0.640000 0.080319
0.960000 0.640000 0.041864
0.980000 0.640000 0.000991

0.000000 0.620000 0.000991
0.020000 0.620000 0.036392
0.040000 0.620000 0.070273
0.060000 0.620000 0.102651
0.080000 0.620000 0.133544
0.100000 0.620000 0.162969
0.120000 0.620000 0.190943
0.140000 0.620000 0.217481
0.160000 0.620000 0.242599
0.180000 0.620000 0.266308
0.200000 0.620000 0.288622
0.220000 0.620000 0.309549
0.240000 0.620000 0.329099
0.260000 0.620000 0.347278
0.280000 0.620000 0.364091
0.300000 0.620000 0.379541
0.320000 0.620000 0.393630
0.340000 0.620000 0.406357
0.360000 0.620000 0.417721
0.380000 0.620000 0.427717
0.400000 0.620000 0.436341
0.420000 0.620000 0.443586
0.440000 0.620000 0.449443
0.460000 0.620000 0.453903
0.480000 0.620000 0.456954
0.500000 0.620000 0.458583
0.520000 0.620000 0.458775
0.540000 0.620000 0.457514
0.560000 0.620000 0.454781
0.580000 0.620000 0.450556
0.600000 0.620000 0.444818
0.620000 0.620000 0.437541
0.640000 0.620000 0.428702
0.660000 0.620000 0.418270
0.680000 0.620000 0.406215
0.700000 0.620000 0.392504
0.720000 0.620000 0.377100
0.740000 0.620000 0.359966
0.760000 0.620000 0.341059
0.780000 0.620000 0.320335
0.800000 0.620000 0.297745
0.820000 0.620000 0.273239
0.840000 0.620000 0.246762
0.860000 0.620000 0.218257
0.880000 0.620000 0.187661
0.900000 0.620000 0.154912
0.920000 0.620000 0.119941
0.940000 0.620000 0.082680
0.960000 0.620000 0.043055
0.980000 0.620000 0.000991

0.000000 0.600000 0.000991
0.020000 0.600000 0.037303
0.040000 0.600000 0.072101
0.060000 0.600000 0.105397
0.080000 0.600000 0.137205
0.100000 0.600000 0.167537
0.120000 0.600000 0.196406
0.140000 0.600000 0.223821
0.160000 0.600000 0.249795
0.180000 0.600000 0.274335
0.200000 0.600000 0.297450
0.220000 0.600000 0.319147
0.240000 0.600000 0.339430
0.260000 0.600000 0.358303
0.280000 0.600000 0.375768
0.300000 0.600000 0.391825
0.320000 0.600000 0.406475
0.340000 0.600000 0.419714
0.360000 0.600000 0.431539
0.380000 0.600000 0.441944
0.400000 0.600000 0.450923
0.420000 0.600000 0.458466
0.440000 0.600000 0.464566
0.460000 0.600000 0.469210
0.480000 0.600000 0.472387
0.500000 0.600000 0.474081
0.520000 0.600000 0.474279
0.540000 0.600000 0.472962
0.560000 0.600000 0.470112
0.580000 0.600000 0.465709
0.600000 0.600000 0.459731
0.620000 0.600000 0.452153
0.640000 0.600000 0.442951
0.660000 0.600000 0.432096
0.680000 0.600000 0.419557
0.700000 0.600000 0.405303
0.720000 0.600000 0.389298
0.740000 0.600000 0.371504
0.760000 0.600000 0.351883
0.780000 0.600000 0.330389
0.800000 0.600000 0.306979
0.820000 0.600000 0.281602
0.840000 0.600000 0.254207
0.860000 0.600000 0.224740
0.880000 0.600000 0.193142
0.900000 0.600000 0.159354
0.920000 0.600000 0.123311
0.940000 0.600000 0.084949
0.960000 0.600000 0.044199
0.980000 0.600000 0.000991

0.000000 0.580000 0.000991
0.020000 0.580000 0.038182
0.040000 0.580000 0.073865
0.060000 0.580000 0.108048
0.080000 0.580000 0.140740
0.100000 0.580000 0.171949
0.120000 0.580000 0.201683
0.140000 0.580000 0.229948
0.160000 0.580000 0.256750
0.180000 0.580000 0.282096
0.200000 0.580000 0.305988
0.220000 0.580000 0.328431
0.240000 0.580000 0.349425
0.260000 0.580000 0.368972
0.280000 0.580000 0.387071
0.300000 0.580000 0.403720
0.320000 0.580000 0.418916
0.340000 0.580000 0.432654
0.360000 0.580000 0.444927
0.380000 0.580000 0.455730
0.400000 0.580000 0.465054
0.420000 0.580000 0.472889
0.440000 0.580000 0.479223
0.460000 0.580000 0.484046
0.480000 0.580000 0.487344
0.500000 0.580000 0.489101
0.520000 0.580000 0.489303
0.540000 0.580000 0.487930
0.560000 0.580000 0.484965
0.580000 0.580000 0.480387
0.600000 0.580000 0.474173
0.620000 0.580000 0.466301
0.640000 0.580000 0.456744
0.660000 0.580000 0.445475
0.680000 0.580000 0.432464
0.700000 0.580000 0.417680
0.720000 0.580000 0.401089
0.740000 0.580000 0.382655
0.760000 0.580000 0.362339
0.780000 0.580000 0.340100
0.800000 0.580000 0.315893
0.820000 0.580000 0.289673
0.840000 0.580000 0.261391
0.860000 0.580000 0.230994
0.880000 0.580000 0.198428
0.900000 0.580000 0.163636
0.920000 0.580000 0.126559
0.940000 0.580000 0.087136
0.960000 0.580000 0.045301
0.980000 0.580000 0.000991

0.000000 0.560000 0.000991
0.020000 0.560000 0.039034
0.040000 0.560000 0.075575
0.060000 0.560000 0.110618
0.080000 0.560000 0.144168
0.100000 0.560000 0.176228
0.120000 0.560000 0.206801
0.140000 0.560000 0.235891
0.160000 0.560000 0.263499
0.180000 0.560000 0.289627
0.200000 0.560000 0.314276
0.220000 0.560000 0.337445
0.240000 0.560000 0.359133
0.260000 0.560000 0.379337
0.280000 0.560000 0.398054
0.300000 0.560000 0.415279
0.320000 0.560000 0.431007
0.340000 0.560000 0.445231
0.360000 0.560000 0.457943
0.380000 0.560000 0.469134
0.400000 0.560000 0.478794
0.420000 0.560000 0.486912
0.440000 0.560000 0.493475
0.460000 0.560000 0.498472
0.480000 0.560000 0.501886
0.500000 0.560000 0.503704
0.520000 0.560000 0.503907
0.540000 0.560000 0.502478
0.560000 0.560000 0.499399
0.580000 0.560000 0.494647
0.600000 0.560000 0.488202
0.620000 0.560000 0.480039
0.640000 0.560000 0.470134
0.660000 0.560000 0.458460
0.680000 0.560000 0.444987
0.700000 0.560000 0.429686
0.720000 0.560000 0.412523
0.740000 0.560000 0.393464
0.760000 0.560000 0.372472
0.780000 0.560000 0.349506
0.800000 0.560000 0.324526
0.820000 0.560000 0.297487
0.840000 0.560000 0.268343
0.860000 0.560000 0.237045
0.880000 0.560000 0.203541
0.900000 0.560000 0.167779
0.920000 0.560000 0.129701
0.940000 0.560000 0.089250
0.960000 0.560000 0.046368
0.980000 0.560000 0.000991

0.000000 0.540000 0.000991
0.020000 0.540000 0.039863
0.040000 0.540000 0.077240
0.060000 0.540000 0.113121
0.080000 0.540000 0.147506
0.100000 0.540000 0.180395
0.120000 0.540000 0.211786
0.140000 0.540000 0.241680
0.160000 0.540000 0.270074
0.180000 0.540000 0.296966
0.200000 0.540000 0.322353
0.220000 0.540000 0.346231
0.240000 0.540000 0.368596
0.260000 0.540000 0.389442
0.280000 0.540000 0.408764
0.300000 0.540000 0.426553
0.320000 0.540000 0.442801
0.340000 0.540000 0.457500
0.360000 0.540000 0.470640
0.380000 0.540000 0.482211
0.400000 0.540000 0.492199
0.420000 0.540000 0.500594
0.440000 0.540000 0.507380
0.460000 0.540000 0.512545
0.480000 0.540000 0.516073
0.500000 0.540000 0.517947
0.520000 0.540000 0.518150
0.540000 0.540000 0.516664
0.560000 0.540000 0.513470
0.580000 0.540000 0.508547
0.600000 0.540000 0.501872
0.620000 0.540000 0.493424
0.640000 0.540000 0.483176
0.660000 0.540000 0.471103
0.680000 0.540000 0.457177
0.700000 0.540000 0.441369
0.720000 0.540000 0.423646
0.740000 0.540000 0.403975
0.760000 0.540000 0.382322
0.780000 0.540000 0.358648
0.800000 0.540000 0.332913
0.820000 0.540000 0.305077
0.840000 0.540000 0.275094
0.860000 0.540000 0.242920
0.880000 0.540000 0.208504
0.900000 0.540000 0.171798
0.920000 0.540000 0.132749
0.940000 0.540000 0.091302
0.960000 0.540000 0.047402
0.980000 0.540000 0.000991

0.000000 0.520000 0.000991
0.020000 0.520000 0.040675
0.040000 0.520000 0.078868
0.060000 0.520000 0.115568
0.080000 0.520000 0.150770
0.100000 0.520000 0.184470
0.120000 0.520000 0.216663
0.140000 0.520000 0.247344
0.160000 0.520000 0.276507
0.180000 0.520000 0.304147
0.200000 0.520000 0.330258
0.220000 0.520000 0.354831
0.240000 0.520000 0.377860
0.260000 0.520000 0.399336
0.280000 0.520000 0.419249
0.300000 0.520000 0.437591
0.320000 0.520000 0.454350
0.340000 0.520000 0.469516
0.360000 0.520000 0.483075
0.380000 0.520000 0.495017
0.400000 0.520000 0.505327
0.420000 0.520000 0.513991
0.440000 0.520000 0.520996
0.460000 0.520000 0.526324
0.480000 0.520000 0.529961
0.500000 0.520000 0.531888
0.520000 0.520000 0.532089
0.540000 0.520000 0.530545
0.560000 0.520000 0.527236
0.580000 0.520000 0.522141
0.600000 0.520000 0.515239
0.620000 0.520000 0.506507
0.640000 0.520000 0.495921
0.660000 0.520000 0.483455
0.680000 0.520000 0.469082
0.700000 0.520000 0.452774
0.720000 0.520000 0.434501
0.740000 0.520000 0.414230
0.760000 0.520000 0.391929
0.780000 0.520000 0.367561
0.800000 0.520000 0.341089
0.820000 0.520000 0.312473
0.840000 0.520000 0.281671
0.860000 0.520000 0.248641
0.880000 0.520000 0.213337
0.900000 0.520000 0.175712
0.920000 0.520000 0.135716
0.940000 0.520000 0.093299
0.960000 0.520000 0.048408
0.980000 0.520000 0.000991

0.000000 0.500000 0.000991
0.020000 0.500000 0.041471
0.040000 0.500000 0.080468
0.060000 0.500000 0.117973
0.080000 0.500000 0.153977
0.100000 0.500000 0.188474
0.120000 0.500000 0.221454
0.140000 0.500000 0.252909
0.160000 0.500000 0.282829
0.180000 0.500000 0.311205
0.200000 0.500000 0.338027
0.220000 0.500000 0.363284
0.240000 0.500000 0.386966
0.260000 0.500000 0.409062
0.280000 0.500000 0.429558
0.300000 0.500000 0.448444
0.320000 0.500000 0.465705
0.340000 0.500000 0.481329
0.360000 0.500000 0.495301
0.380000 0.500000 0.507607
0.400000 0.500000 0.518232
0.420000 0.500000 0.527161
0.440000 0.500000 0.534378
0.460000 0.500000 0.539865
0.480000 0.500000 0.543607
0.500000 0.500000 0.545585
0.520000 0.500000 0.545781
0.540000 0.500000 0.544176
0.560000 0.500000 0.540750
0.580000 0.500000 0.535484
0.600000 0.500000 0.528355
0.620000 0.500000 0.519341
0.640000 0.500000 0.508418
0.660000 0.500000 0.495563
0.680000 0.500000 0.480749
0.700000 0.500000 0.463948
0.720000 0.500000 0.445132
0.740000 0.500000 0.424271
0.760000 0.500000 0.401332
0.780000 0.500000 0.376282
0.800000 0.500000 0.349085
0.820000 0.500000 0.319705
0.840000 0.500000 0.288101
0.860000 0.500000 0.254234
0.880000 0.500000 0.218060
0.900000 0.500000 0.179535
0.920000 0.500000 0.138614
0.940000 0.500000 0.095249
0.960000 0.500000 0.049392
0.980000 0.500000 0.000991

0.000000 0.480000 0.000991
0.020000 0.480000 0.042258
0.040000 0.480000 0.082047
0.060000 0.480000 0.120346
0.080000 0.480000 0.157143
0.100000 0.480000 0.192427
0.120000 0.480000 0.226184
0.140000 0.480000 0.258403
0.160000 0.480000 0.289070
0.180000 0.480000 0.318173
0.200000 0.480000 0.345697
0.220000 0.480000 0.371630
0.240000 0.480000 0.395958
0.260000 0.480000 0.418664
0.280000 0.480000 0.439737
0.300000 0.480000 0.459159
0.320000 0.480000 0.476916
0.340000 0.480000 0.492991
0.360000 0.480000 0.507370
0.380000 0.480000 0.520035
0.400000 0.480000 0.530970
0.420000 0.480000 0.540159
0.440000 0.480000 0.547583
0.460000 0.480000 0.553225
0.480000 0.480000 0.557068
0.500000 0.480000 0.559092
0.520000 0.480000 0.559280
0.540000 0.480000 0.557612
0.560000 0.480000 0.554068
0.580000 0.480000 0.548629
0.600000 0.480000 0.541272
0.620000 0.480000 0.531976
0.640000 0.480000 0.520719
0.660000 0.480000 0.507476
0.680000 0.480000 0.492223
0.700000 0.480000 0.474934
0.720000 0.480000 0.455580
0.740000 0.480000 0.434135
0.760000 0.480000 0.410567
0.780000 0.480000 0.384844
0.800000 0.480000 0.356934
0.820000 0.480000 0.326801
0.840000 0.480000 0.294408
0.860000 0.480000 0.259718
0.880000 0.480000 0.222690
0.900000 0.480000 0.183284
0.920000 0.480000 0.141455
0.940000 0.480000 0.097161
0.960000 0.480000 0.050355
0.980000 0.480000 0.000991

0.000000 0.460000 0.000991
0.020000 0.460000 0.043038
0.040000 0.460000 0.083613
0.060000 0.460000 0.122700
0.080000 0.460000 0.160283
0.100000 0.460000 0.196347
0.120000 0.460000 0.230876
0.140000 0.460000 0.263852
0.160000 0.460000 0.295260
0.180000 0.460000 0.325084
0.200000 0.460000 0.353305
0.220000 0.460000 0.379908
0.240000 0.460000 0.404875
0.260000 0.460000 0.428188
0.280000 0.460000 0.449831
0.300000 0.460000 0.469784
0.320000 0.460000 0.488032
0.340000 0.460000 0.504555
0.360000 0.460000 0.519335
0.380000 0.460000 0.532355
0.400000 0.460000 0.543596
0.420000 0.460000 0.553039
0.440000 0.460000 0.560666
0.460000 0.460000 0.566459
0.480000 0.460000 0.570399
0.500000 0.460000 0.572466
0.520000 0.460000 0.572643
0.540000 0.460000 0.570908
0.560000 0.460000 0.567243
0.580000 0.460000 0.561628
0.600000 0.460000 0.554042
0.620000 0.460000 0.544463
0.640000 0.460000 0.532870
0.660000 0.460000 0.519240
0.680000 0.460000 0.503550
0.700000 0.460000 0.485774
0.720000 0.460000 0.465887
0.740000 0.460000 0.443861
0.760000 0.460000 0.419669
0.780000 0.460000 0.393281
0.800000 0.460000 0.364665
0.820000 0.460000 0.333788
0.840000 0.460000 0.300617
0.860000 0.460000 0.265116
0.880000 0.460000 0.227247
0.900000 0.460000 0.186971
0.920000 0.460000 0.144250
0.940000 0.460000 0.099041
0.960000 0.460000 0.051303
0.980000 0.460000 0.000991

0.000000 0.440000 0.000991
0.020000 0.440000 0.043816
0.040000 0.440000 0.085174
0.060000 0.440000 0.125046
0.080000 0.440000 0.163413
0.100000 0.440000 0.200254
0.120000 0.440000 0.235551
0.140000 0.440000 0.269283
0.160000 0.440000 0.301429
0.180000 0.440000 0.331970
0.200000 0.440000 0.360886
0.220000 0.440000 0.388156
0.240000 0.440000 0.413759
0.260000 0.440000 0.437676
0.280000 0.440000 0.459886
0.300000 0.440000 0.480369
0.320000 0.440000 0.499103
0.340000 0.440000 0.516070
0.360000 0.440000 0.531249
0.380000 0.440000 0.544620
0.400000 0.440000 0.556162
0.420000 0.440000 0.565857
0.440000 0.440000 0.573684
0.460000 0.440000 0.579623
0.480000 0.440000 0.583656
0.500000 0.440000 0.585762
0.520000 0.440000 0.585923
0.540000 0.440000 0.584118
0.560000 0.440000 0.580329
0.580000 0.440000 0.574534
0.600000 0.440000 0.566715
0.620000 0.440000 0.556851
0.640000 0.440000 0.544920
0.660000 0.440000 0.530902
0.680000 0.440000 0.514773
0.700000 0.440000 0.496510
0.720000 0.440000 0.476090
0.740000 0.440000 0.453487
0.760000 0.440000 0.428674
0.780000 0.440000 0.401624
0.800000 0.440000 0.372307
0.820000 0.440000 0.340694
0.840000 0.440000 0.306751
0.860000 0.440000 0.270447
0.880000 0.440000 0.231746
0.900000 0.440000 0.190612
0.920000 0.440000 0.147009
0.940000 0.440000 0.100897
0.960000 0.440000 0.052238
0.980000 0.440000 0.000991

0.000000 0.420000 0.000991
0.020000 0.420000 0.044594
0.040000 0.420000 0.086737
0.060000 0.420000 0.127396
0.080000 0.420000 0.166547
0.100000 0.420000 0.204168
0.120000 0.420000 0.240234
0.140000 0.420000 0.274721
0.160000 0.420000 0.307606
0.180000 0.420000 0.338866
0.200000 0.420000 0.368476
0.220000 0.420000 0.396412
0.240000 0.420000 0.422652
0.260000 0.420000 0.447172
0.280000 0.420000 0.469949
0.300000 0.420000 0.490959
0.320000 0.420000 0.510180
0.340000 0.420000 0.527589
0.360000 0.420000 0.543164
0.380000 0.420000 0.556883
0.400000 0.420000 0.568725
0.420000 0.420000 0.578668
0.440000 0.420000 0.586690
0.460000 0.420000 0.592773
0.480000 0.420000 0.596894
0.500000 0.420000 0.599035
0.520000 0.420000 0.599175
0.540000 0.420000 0.597296
0.560000 0.420000 0.593377
0.580000 0.420000 0.587399
0.600000 0.420000 0.579342
0.620000 0.420000 0.569188
0.640000 0.420000 0.556916
0.660000 0.420000 0.542505
0.680000 0.420000 0.525935
0.700000 0.420000 0.507184
0.720000 0.420000 0.486229
0.740000 0.420000 0.463047
0.760000 0.420000 0.437614
0.780000 0.420000 0.409904
0.800000 0.420000 0.379889
0.820000 0.420000 0.347542
0.840000 0.420000 0.312833
0.860000 0.420000 0.275731
0.880000 0.420000 0.236204
0.900000 0.420000 0.194219
0.920000 0.420000 0.149741
0.940000 0.420000 0.102735
0.960000 0.420000 0.053164
0.980000 0.420000 0.000991

0.000000 0.400000 0.000991
0.020000 0.400000 0.045378
0.040000 0.400000 0.088311
0.060000 0.400000 0.129761
0.080000 0.400000 0.169702
0.100000 0.400000 0.208106
0.120000 0.400000 0.244946
0.140000 0.400000 0.280193
0.160000 0.400000 0.313821
0.180000 0.400000 0.345803
0.200000 0.400000 0.376110
0.220000 0.400000 0.404717
0.240000 0.400000 0.431596
0.260000 0.400000 0.456720
0.280000 0.400000 0.480065
0.300000 0.400000 0.501604
0.320000 0.400000 0.521311
0.340000 0.400000 0.539162
0.360000 0.400000 0.555133
0.380000 0.400000 0.569200
0.400000 0.400000 0.581338
0.420000 0.400000 0.591527
0.440000 0.400000 0.599742
0.460000 0.400000 0.605964
0.480000 0.400000 0.610170
0.500000 0.400000 0.612340
0.520000 0.400000 0.612455
0.540000 0.400000 0.610495
0.560000 0.400000 0.606440
0.580000 0.400000 0.600272
0.600000 0.400000 0.591973
0.620000 0.400000 0.581522
0.640000 0.400000 0.568903
0.660000 0.400000 0.554094
0.680000 0.400000 0.537078
0.700000 0.400000 0.517834
0.720000 0.400000 0.496341
0.740000 0.400000 0.472578
0.760000 0.400000 0.446522
0.780000 0.400000 0.418150
0.800000 0.400000 0.387437
0.820000 0.400000 0.354357
0.840000 0.400000 0.318882
0.860000 0.400000 0.280986
0.880000 0.400000 0.240637
0.900000 0.400000 0.197804
0.920000 0.400000 0.152457
0.940000 0.400000 0.104562
0.960000 0.400000 0.054085
0.980000 0.400000 0.000991

0.000000 0.380000 0.000991
0.020000 0.380000 0.046172
0.040000 0.380000 0.089903
0.060000 0.380000 0.132154
0.080000 0.380000 0.172893
0.100000 0.380000 0.212089
0.120000 0.380000 0.249711
0.140000 0.380000 0.285727
0.160000 0.380000 0.320105
0.180000 0.380000 0.352815
0.200000 0.380000 0.383826
0.220000 0.380000 0.413108
0.240000 0.380000 0.440631
0.260000 0.380000 0.466365
0.280000 0.380000 0.490281
0.300000 0.380000 0.512352
0.320000 0.380000 0.532548
0.340000 0.380000 0.550843
0.360000 0.380000 0.567210
0.380000 0.380000 0.581623
0.400000 0.380000 0.594058
0.420000 0.380000 0.604490
0.440000 0.380000 0.612895
0.460000 0.380000 0.619252
0.480000 0.380000 0.623538
0.500000 0.380000 0.625733
0.520000 0.380000 0.625817
0.540000 0.380000 0.623769
0.560000 0.380000 0.619572
0.580000 0.380000 0.613207
0.600000 0.380000 0.604656
0.620000 0.380000 0.593902
0.640000 0.380000 0.580927
0.660000 0.380000 0.565714
0.680000 0.380000 0.548244
0.700000 0.380000 0.528500
0.720000 0.380000 0.506462
0.740000 0.380000 0.482112
0.760000 0.380000 0.455429
0.780000 0.380000 0.426391
0.800000 0.380000 0.394977
0.820000 0.380000 0.361162
0.840000 0.380000 0.324921
0.860000 0.380000 0.286229
0.880000 0.380000 0.245058
0.900000 0.380000 0.201380
0.920000 0.380000 0.155165
0.940000 0.380000 0.106383
0.960000 0.380000 0.055002
0.980000 0.380000 0.000991

0.000000 0.360000 0.000991
0.020000 0.360000 0.046978
0.040000 0.360000 0.091522
0.060000 0.360000 0.134586
0.080000 0.360000 0.176137
0.100000 0.360000 0.216138
0.120000 0.360000 0.254553
0.140000 0.360000 0.291348
0.160000 0.360000 0.326487
0.180000 0.360000 0.359936
0.200000 0.360000 0.391660
0.220000 0.360000 0.421626
0.240000 0.360000 0.449800
0.260000 0.360000 0.476151
0.280000 0.360000 0.500645
0.300000 0.360000 0.523252
0.320000 0.360000 0.543941
0.340000 0.360000 0.562683
0.360000 0.360000 0.579448
0.380000 0.360000 0.594209
0.400000 0.360000 0.606940
0.420000 0.360000 0.617614
0.440000 0.360000 0.626207
0.460000 0.360000 0.632695
0.480000 0.360000 0.637057
0.500000 0.360000 0.639270
0.520000 0.360000 0.639316
0.540000 0.360000 0.637173
0.560000 0.360000 0.632826
0.580000 0.360000 0.626255
0.600000 0.360000 0.617443
0.620000 0.360000 0.606376
0.640000 0.360000 0.593035
0.660000 0.360000 0.577407
0.680000 0.360000 0.559474
0.700000 0.360000 0.539220
0.720000 0.360000 0.516629
0.740000 0.360000 0.491684
0.760000 0.360000 0.464366
0.780000 0.360000 0.434656
0.800000 0.360000 0.402534
0.820000 0.360000 0.367979
0.840000 0.360000 0.330968
0.860000 0.360000 0.291478
0.880000 0.360000 0.249483
0.900000 0.360000 0.204957
0.920000 0.360000 0.157874
0.940000 0.360000 0.108204
0.960000 0.360000 0.055920
0.980000 0.360000 0.000991

0.000000 0.340000 0.000991
0.020000 0.340000 0.047802
0.040000 0.340000 0.093175
0.060000 0.340000 0.137071
0.080000 0.340000 0.179450
0.100000 0.340000 0.220272
0.120000 0.340000 0.259497
0.140000 0.340000 0.297086
0.160000 0.340000 0.333000
0.180000 0.340000 0.367201
0.200000 0.340000 0.399650
0.220000 0.340000 0.430312
0.240000 0.340000 0.459149
0.260000 0.340000 0.486125
0.280000 0.340000 0.511205
0.300000 0.340000 0.534356
0.320000 0.340000 0.555544
0.340000 0.340000 0.574737
0.360000 0.340000 0.591904
0.380000 0.340000 0.607015
0.400000 0.340000 0.620041
0.420000 0.340000 0.630957
0.440000 0.340000 0.639735
0.460000 0.340000 0.646351
0.480000 0.340000 0.650783
0.500000 0.340000 0.653009
0.520000 0.340000 0.653008
0.540000 0.340000 0.650763
0.560000 0.340000 0.646254
0.580000 0.340000 0.639466
0.600000 0.340000 0.630383
0.620000 0.340000 0.618990
0.640000 0.340000 0.605272
0.660000 0.340000 0.589216
0.680000 0.340000 0.570808
0.700000 0.340000 0.550032
0.720000 0.340000 0.526876
0.740000 0.340000 0.501325
0.760000 0.340000 0.473361
0.780000 0.340000 0.442970
0.800000 0.340000 0.410132
0.820000 0.340000 0.374830
0.840000 0.340000 0.337042
0.860000 0.340000 0.296748
0.880000 0.340000 0.253924
0.900000 0.340000 0.208547
0.920000 0.340000 0.160591
0.940000 0.340000 0.110031
0.960000 0.340000 0.056840
0.980000 0.340000 0.000991

0.000000 0.320000 0.000991
0.020000 0.320000 0.048648
0.040000 0.320000 0.094873
0.060000 0.320000 0.139621
0.080000 0.320000 0.182849
0.100000 0.320000 0.224513
0.120000 0.320000 0.264567
0.140000 0.320000 0.302969
0.160000 0.320000 0.339676
0.180000 0.320000 0.374645
0.200000 0.320000 0.407836
0.220000 0.320000 0.439208
0.240000 0.320000 0.468720
0.260000 0.320000 0.496333
0.280000 0.320000 0.522011
0.300000 0.320000 0.545715
0.320000 0.320000 0.567409
0.340000 0.320000 0.587060
0.360000 0.320000 0.604633
0.380000 0.320000 0.620097
0.400000 0.320000 0.633422
0.420000 0.320000 0.644578
0.440000 0.320000 0.653539
0.460000 0.320000 0.660279
0.480000 0.320000 0.664776
0.500000 0.320000 0.667007
0.520000 0.320000 0.666952
0.540000 0.320000 0.664593
0.560000 0.320000 0.659912
0.580000 0.320000 0.652895
0.600000 0.320000 0.643527
0.620000 0.320000 0.631794
0.640000 0.320000 0.617684
0.660000 0.320000 0.601185
0.680000 0.320000 0.582286
0.700000 0.320000 0.560974
0.720000 0.320000 0.537238
0.740000 0.320000 0.511066
0.760000 0.320000 0.482445
0.780000 0.320000 0.451359
0.800000 0.320000 0.417794
0.820000 0.320000 0.381734
0.840000 0.320000 0.343161
0.860000 0.320000 0.302054
0.880000 0.320000 0.258394
0.900000 0.320000 0.212159
0.920000 0.320000 0.163325
0.940000 0.320000 0.111869
0.960000 0.320000 0.057766
0.980000 0.320000 0.000991

0.000000 0.300000 0.000991
0.020000 0.300000 0.049521
0.040000 0.300000 0.096624
0.060000 0.300000 0.142251
0.080000 0.300000 0.186354
0.100000 0.300000 0.228883
0.120000 0.300000 0.269790
0.140000 0.300000 0.309028
0.160000 0.300000 0.346549
0.180000 0.300000 0.382307
0.200000 0.300000 0.416258
0.220000 0.300000 0.448356
0.240000 0.300000 0.478560
0.260000 0.300000 0.506826
0.280000 0.300000 0.533114
0.300000 0.300000 0.557382
0.320000 0.300000 0.579593
0.340000 0.300000 0.599710
0.360000 0.300000 0.617695
0.380000 0.300000 0.633516
0.400000 0.300000 0.647141
0.420000 0.300000 0.658538
0.440000 0.300000 0.667680
0.460000 0.300000 0.674541
0.480000 0.300000 0.679096
0.500000 0.300000 0.681324
0.520000 0.300000 0.681205
0.540000 0.300000 0.678721
0.560000 0.300000 0.673855
0.580000 0.300000 0.666594
0.600000 0.300000 0.656924
0.620000 0.300000 0.644835
0.640000 0.300000 0.630316
0.660000 0.300000 0.613356
0.680000 0.300000 0.593948
0.700000 0.300000 0.572082
0.720000 0.300000 0.547749
0.740000 0.300000 0.520939
0.760000 0.300000 0.491643
0.780000 0.300000 0.459848
0.800000 0.300000 0.425543
0.820000 0.300000 0.388712
0.840000 0.300000 0.349340
0.860000 0.300000 0.307411
0.880000 0.300000 0.262905
0.900000 0.300000 0.215802
0.920000 0.300000 0.166082
0.940000 0.300000 0.113722
0.960000 0.300000 0.058699
0.980000 0.300000 0.000991

0.000000 0.280000 0.000991
0.020000 0.280000 0.050425
0.040000 0.280000 0.098438
0.060000 0.280000 0.144976
0.080000 0.280000 0.189984
0.100000 0.280000 0.233408
0.120000 0.280000 0.275196
0.140000 0.280000 0.315295
0.160000 0.280000 0.353654
0.180000 0.280000 0.390225
0.200000 0.280000 0.424957
0.220000 0.280000 0.457804
0.240000 0.280000 0.488718
0.260000 0.280000 0.517654
0.280000 0.280000 0.544567
0.300000 0.280000 0.569414
0.320000 0.280000 0.592153
0.340000 0.280000 0.612745
0.360000 0.280000 0.631151
0.380000 0.280000 0.647334
0.400000 0.280000 0.661262
0.420000 0.280000 0.672901
0.440000 0.280000 0.682222
0.460000 0.280000 0.689199
0.480000 0.280000 0.693807
0.500000 0.280000 0.696023
0.520000 0.280000 0.695828
0.540000 0.280000 0.693205
0.560000 0.280000 0.688139
0.580000 0.280000 0.680617
0.600000 0.280000 0.670628
0.620000 0.280000 0.658163
0.640000 0.280000 0.643213
0.660000 0.280000 0.625772
0.680000 0.280000 0.605834
0.700000 0.280000 0.583392
0.720000 0.280000 0.558441
0.740000 0.280000 0.530973
0.760000 0.280000 0.500983
0.780000 0.280000 0.468461
0.800000 0.280000 0.433397
0.820000 0.280000 0.395780
0.840000 0.280000 0.355596
0.860000 0.280000 0.312831
0.880000 0.280000 0.267467
0.900000 0.280000 0.219486
0.920000 0.280000 0.168869
0.940000 0.280000 0.115594
0.960000 0.280000 0.059642
0.980000 0.280000 0.000991

0.000000 0.260000 0.000991
0.020000 0.260000 0.051367
0.040000 0.260000 0.100327
0.060000 0.260000 0.147811
0.080000 0.260000 0.193759
0.100000 0.260000 0.238112
0.120000 0.260000 0.280812
0.140000 0.260000 0.321803
0.160000 0.260000 0.361029
0.180000 0.260000 0.398439
0.200000 0.260000 0.433978
0.220000 0.260000 0.467596
0.240000 0.260000 0.499242
0.260000 0.260000 0.528868
0.280000 0.260000 0.556425
0.300000 0.260000 0.581866
0.320000 0.260000 0.605148
0.340000 0.260000 0.626227
0.360000 0.260000 0.645063
0.380000 0.260000 0.661615
0.400000 0.260000 0.675850
0.420000 0.260000 0.687732
0.440000 0.260000 0.697231
0.460000 0.260000 0.704319
0.480000 0.260000 0.708971
0.500000 0.260000 0.711166
0.520000 0.260000 0.710883
0.540000 0.260000 0.708107
0.560000 0.260000 0.702823
0.580000 0.260000 0.695021
0.600000 0.260000 0.684691
0.620000 0.260000 0.671827
0.640000 0.260000 0.656423
0.660000 0.260000 0.638476
0.680000 0.260000 0.617982
0.700000 0.260000 0.594940
0.720000 0.260000 0.569345
0.740000 0.260000 0.541196
0.760000 0.260000 0.510489
0.780000 0.260000 0.477218
0.800000 0.260000 0.441376
0.820000 0.260000 0.402954
0.840000 0.260000 0.361942
0.860000 0.260000 0.318326
0.880000 0.260000 0.272090
0.900000 0.260000 0.223218
0.920000 0.260000 0.171691
0.940000 0.260000 0.117491
0.960000 0.260000 0.060597
0.980000 0.260000 0.000991

0.000000 0.240000 0.000991
0.020000 0.240000 0.052352
0.040000 0.240000 0.102303
0.060000 0.240000 0.150776
0.080000 0.240000 0.197704
0.100000 0.240000 0.243023
0.120000 0.240000 0.286671
0.140000 0.240000 0.328588
0.160000 0.240000 0.368713
0.180000 0.240000 0.406991
0.200000 0.240000 0.443366
0.220000 0.240000 0.477782
0.240000 0.240000 0.510185
0.260000 0.240000 0.540523
0.280000 0.240000 0.568745
0.300000 0.240000 0.594800
0.320000 0.240000 0.618641
0.340000 0.240000 0.640221
0.360000 0.240000 0.659496
0.380000 0.240000 0.676426
0.400000 0.240000 0.690972
0.420000 0.240000 0.703099
0.440000 0.240000 0.712774
0.460000 0.240000 0.719969
0.480000 0.240000 0.724658
0.500000 0.240000 0.726820
0.520000 0.240000 0.726435
0.540000 0.240000 0.723488
0.560000 0.240000 0.717966
0.580000 0.240000 0.709862
0.600000 0.240000 0.699167
0.620000 0.240000 0.685878
0.640000 0.240000 0.669993
0.660000 0.240000 0.651511
0.680000 0.240000 0.630433
0.700000 0.240000 0.606760
0.720000 0.240000 0.580494
0.740000 0.240000 0.551635
0.760000 0.240000 0.520184
0.780000 0.240000 0.486140
0.800000 0.240000 0.449497
0.820000 0.240000 0.410250
0.840000 0.240000 0.368390
0.860000 0.240000 0.323906
0.880000 0.240000 0.276783
0.900000 0.240000 0.227006
0.920000 0.240000 0.174556
0.940000 0.240000 0.119416
0.960000 0.240000 0.061567
0.980000 0.240000 0.000991

0.000000 0.220000 0.000991
0.020000 0.220000 0.053389
0.040000 0.220000 0.104380
0.060000 0.220000 0.153890
0.080000 0.220000 0.201844
0.100000 0.220000 0.248173
0.120000 0.220000 0.292809
0.140000 0.220000 0.335688
0.160000 0.220000 0.376748
0.180000 0.220000 0.415928
0.200000 0.220000 0.453169
0.220000 0.220000 0.488412
0.240000 0.220000 0.521600
0.260000 0.220000 0.552677
0.280000 0.220000 0.581588
0.300000 0.220000 0.608278
0.320000 0.220000 0.632696
0.340000 0.220000 0.654792
0.360000 0.220000 0.674521
0.380000 0.220000 0.691837
0.400000 0.220000 0.706701
0.420000 0.220000 0.719075
0.440000 0.220000 0.728925
0.460000 0.220000 0.736221
0.480000 0.220000 0.740938
0.500000 0.220000 0.743054
0.520000 0.220000 0.742550
0.540000 0.220000 0.739413
0.560000 0.220000 0.733631
0.580000 0.220000 0.725199
0.600000 0.220000 0.714111
0.620000 0.220000 0.700367
0.640000 0.220000 0.683968
0.660000 0.220000 0.664919
0.680000 0.220000 0.643223
0.700000 0.220000 0.618886
0.720000 0.220000 0.591915
0.740000 0.220000 0.562315
0.760000 0.220000 0.530091
0.780000 0.220000 0.495244
0.800000 0.220000 0.457774
0.820000 0.220000 0.417679
0.840000 0.220000 0.374951
0.860000 0.220000 0.329580
0.880000 0.220000 0.281553
0.900000 0.220000 0.230855
0.920000 0.220000 0.177467
0.940000 0.220000 0.121372
0.960000 0.220000 0.062552
0.980000 0.220000 0.000991

0.000000 0.200000 0.000991
0.020000 0.200000 0.054485
0.040000 0.200000 0.106576
0.060000 0.200000 0.157177
0.080000 0.200000 0.206208
0.100000 0.200000 0.253593
0.120000 0.200000 0.299261
0.140000 0.200000 0.343144
0.160000 0.200000 0.385176
0.180000 0.200000 0.425294
0.200000 0.200000 0.463436
0.220000 0.200000 0.499540
0.240000 0.200000 0.533544
0.260000 0.200000 0.565389
0.280000 0.200000 0.595015
0.300000 0.200000 0.622364
0.320000 0.200000 0.647381
0.340000 0.200000 0.670012
0.360000 0.200000 0.690209
0.380000 0.200000 0.707922
0.400000 0.200000 0.723111
0.420000 0.200000 0.735734
0.440000 0.200000 0.745757
0.460000 0.200000 0.753149
0.480000 0.200000 0.757884
0.500000 0.200000 0.759940
0.520000 0.200000 0.759300
0.540000 0.200000 0.755950
0.560000 0.200000 0.749883
0.580000 0.200000 0.741093
0.600000 0.200000 0.729580
0.620000 0.200000 0.715347
0.640000 0.200000 0.698399
0.660000 0.200000 0.678743
0.680000 0.200000 0.656391
0.700000 0.200000 0.631352
0.720000 0.200000 0.603638
0.740000 0.200000 0.573260
0.760000 0.200000 0.540227
0.780000 0.200000 0.504545
0.800000 0.200000 0.466219
0.820000 0.200000 0.425249
0.840000 0.200000 0.381631
0.860000 0.200000 0.335354
0.880000 0.200000 0.286407
0.900000 0.200000 0.234772
0.920000 0.200000 0.180430
0.940000 0.200000 0.123364
0.960000 0.200000 0.063556
0.980000 0.200000 0.000991

0.000000 0.180000 0.000991
0.020000 0.180000 0.055653
0.040000 0.180000 0.108910
0.060000 0.180000 0.160666
0.080000 0.180000 0.210831
0.100000 0.180000 0.259324
0.120000 0.180000 0.306070
0.140000 0.180000 0.350999
0.160000 0.180000 0.394044
0.180000 0.180000 0.435140
0.200000 0.180000 0.474220
0.220000 0.180000 0.511220
0.240000 0.180000 0.546075
0.260000 0.180000 0.578720
0.280000 0.180000 0.609092
0.300000 0.180000 0.637127
0.320000 0.180000 0.662767
0.340000 0.180000 0.685955
0.360000 0.180000 0.706636
0.380000 0.180000 0.724759
0.400000 0.180000 0.740280
0.420000 0.180000 0.753157
0.440000 0.180000 0.763352
0.460000 0.180000 0.770833
0.480000 0.180000 0.775575
0.500000 0.180000 0.777555
0.520000 0.180000 0.776758
0.540000 0.180000 0.773171
0.560000 0.180000 0.766788
0.580000 0.180000 0.757609
0.600000 0.180000 0.745634
0.620000 0.180000 0.730872
0.640000 0.180000 0.713333
0.660000 0.180000 0.693028
0.680000 0.180000 0.669975
0.700000 0.180000 0.644190
0.720000 0.180000 0.615689
0.740000 0.180000 0.584490
0.760000 0.180000 0.550608
0.780000 0.180000 0.514055
0.800000 0.180000 0.474840
0.820000 0.180000 0.432967
0.840000 0.180000 0.388434
0.860000 0.180000 0.341232
0.880000 0.180000 0.291347
0.900000 0.180000 0.238761
0.920000 0.180000 0.183452
0.940000 0.180000 0.125398
0.960000 0.180000 0.064582
0.980000 0.180000 0.000991

0.000000 0.160000 0.000991
0.020000 0.160000 0.056905
0.040000 0.160000 0.111410
0.060000 0.160000 0.164392
0.080000 0.160000 0.215753
0.100000 0.160000 0.265408
0.120000 0.160000 0.313280
0.140000 0.160000 0.359300
0.160000 0.160000 0.403401
0.180000 0.160000 0.445515
0.200000 0.160000 0.485574
0.220000 0.160000 0.523511
0.240000 0.160000 0.559254
0.260000 0.160000 0.592736
0.280000 0.160000 0.623887
0.300000 0.160000 0.652640
0.320000 0.160000 0.678931
0.340000 0.160000 0.702698
0.360000 0.160000 0.723883
0.380000 0.160000 0.742431
0.400000 0.160000 0.758294
0.420000 0.160000 0.771427
0.440000 0.160000 0.781793
0.460000 0.160000 0.789357
0.480000 0.160000 0.794093
0.500000 0.160000 0.795980
0.520000 0.160000 0.795002
0.540000 0.160000 0.791150
0.560000 0.160000 0.784419
0.580000 0.160000 0.774812
0.600000 0.160000 0.762335
0.620000 0.160000 0.746999
0.640000 0.160000 0.728821
0.660000 0.160000 0.707818
0.680000 0.160000 0.684013
0.700000 0.160000 0.657429
0.720000 0.160000 0.628091
0.740000 0.160000 0.596023
0.760000 0.160000 0.561246
0.780000 0.160000 0.523781
0.800000 0.160000 0.483640
0.820000 0.160000 0.440833
0.840000 0.160000 0.395361
0.860000 0.160000 0.347214
0.880000 0.160000 0.296378
0.900000 0.160000 0.242828
0.920000 0.160000 0.186538
0.940000 0.160000 0.127481
0.960000 0.160000 0.065635
0.980000 0.160000 0.000992

0.000000 0.140000 0.000992
0.020000 0.140000 0.058265
0.040000 0.140000 0.114112
0.060000 0.140000 0.168400
0.080000 0.140000 0.221023
0.100000 0.140000 0.271894
0.120000 0.140000 0.320941
0.140000 0.140000 0.368097
0.160000 0.140000 0.413297
0.180000 0.140000 0.456472
0.200000 0.140000 0.497554
0.220000 0.140000 0.536470
0.240000 0.140000 0.573144
0.260000 0.140000 0.607504
0.280000 0.140000 0.639473
0.300000 0.140000 0.668979
0.320000 0.140000 0.695952
0.340000 0.140000 0.720325
0.360000 0.140000 0.742035
0.380000 0.140000 0.761025
0.400000 0.140000 0.777241
0.420000 0.140000 0.790636
0.440000 0.140000 0.801171
0.460000 0.140000 0.808810
0.480000 0.140000 0.813527
0.500000 0.140000 0.815301
0.520000 0.140000 0.814116
0.540000 0.140000 0.809967
0.560000 0.140000 0.802851
0.580000 0.140000 0.792774
0.600000 0.140000 0.779747
0.620000 0.140000 0.763787
0.640000 0.140000 0.744915
0.660000 0.140000 0.723157
0.680000 0.140000 0.698542
0.700000 0.140000 0.671101
0.720000 0.140000 0.640867
0.740000 0.140000 0.607873
0.760000 0.140000 0.572149
0.780000 0.140000 0.533723
0.800000 0.140000 0.492616
0.820000 0.140000 0.448841
0.840000 0.140000 0.402404
0.860000 0.140000 0.353296
0.880000 0.140000 0.301498
0.900000 0.140000 0.246980
0.920000 0.140000 0.189701
0.940000 0.140000 0.129626
0.960000 0.140000 0.066726
0.980000 0.140000 0.000994

0.000000 0.120000 0.000994
0.020000 0.120000 0.059764
0.040000 0.120000 0.117069
0.060000 0.120000 0.172752
0.080000 0.120000 0.226701
0.100000 0.120000 0.278840
0.120000 0.120000 0.329105
0.140000 0.120000 0.377440
0.160000 0.120000 0.423782
0.180000 0.120000 0.468065
0.200000 0.120000 0.510216
0.220000 0.120000 0.550158
0.240000 0.120000 0.587811
0.260000 0.120000 0.623094
0.280000 0.120000 0.655924
0.300000 0.120000 0.686223
0.320000 0.120000 0.713914
0.340000 0.120000 0.738925
0.360000 0.120000 0.761185
0.380000 0.120000 0.780635
0.400000 0.120000 0.797216
0.420000 0.120000 0.810879
0.440000 0.120000 0.821582
0.460000 0.120000 0.829289
0.480000 0.120000 0.833971
0.500000 0.120000 0.835609
0.520000 0.120000 0.834189
0.540000 0.120000 0.829706
0.560000 0.120000 0.822163
0.580000 0.120000 0.811568
0.600000 0.120000 0.797938
0.620000 0.120000 0.781296
0.640000 0.120000 0.761669
0.660000 0.120000 0.739090
0.680000 0.120000 0.713598
0.700000 0.120000 0.685232
0.720000 0.120000 0.654036
0.740000 0.120000 0.620051
0.760000 0.120000 0.583319
0.780000 0.120000 0.543877
0.800000 0.120000 0.501755
0.820000 0.120000 0.456976
0.840000 0.120000 0.409549
0.860000 0.120000 0.359466
0.880000 0.120000 0.306704
0.900000 0.120000 0.251221
0.920000 0.120000 0.192959
0.940000 0.120000 0.131859
0.960000 0.120000 0.067875
0.980000 0.120000 0.001002

0.000000 0.100000 0.001003
0.020000 0.100000 0.061460
0.040000 0.100000 0.120365
0.060000 0.100000 0.177532
0.080000 0.100000 0.232865
0.100000 0.100000 0.286310
0.120000 0.100000 0.337830
0.140000 0.100000 0.387380
0.160000 0.100000 0.434907
0.180000 0.100000 0.480344
0.200000 0.100000 0.523615
0.220000 0.100000 0.564637
0.240000 0.100000 0.603321
0.260000 0.100000 0.639579
0.280000 0.100000 0.673321
0.300000 0.100000 0.704459
0.320000 0.100000 0.732908
0.340000 0.100000 0.758590
0.360000 0.100000 0.781431
0.380000 0.100000 0.801362
0.400000 0.100000 0.818323
0.420000 0.100000 0.832261
0.440000 0.100000 0.843130
0.460000 0.100000 0.850895
0.480000 0.100000 0.855525
0.500000 0.100000 0.857002
0.520000 0.100000 0.855314
0.540000 0.100000 0.850459
0.560000 0.100000 0.842441
0.580000 0.100000 0.831274
0.600000 0.100000 0.816981
0.620000 0.100000 0.799591
0.640000 0.100000 0.779138
0.660000 0.100000 0.755665
0.680000 0.100000 0.729219
0.700000 0.100000 0.699850
0.720000 0.100000 0.667613
0.740000 0.100000 0.632562
0.760000 0.100000 0.594750
0.780000 0.100000 0.554227
0.800000 0.100000 0.511037
0.820000 0.100000 0.465211
0.840000 0.100000 0.416767
0.860000 0.100000 0.365702
0.880000 0.100000 0.311985
0.900000 0.100000 0.255559
0.920000 0.100000 0.196339
0.940000 0.100000 0.134224
0.960000 0.100000 0.069128
0.980000 0.100000 0.001029

0.000000 0.080000 0.001034
0.020000 0.080000 0.063461
0.040000 0.080000 0.124134
0.060000 0.080000 0.182862
0.080000 0.080000 0.239606
0.100000 0.080000 0.294374
0.120000 0.080000 0.347167
0.140000 0.080000 0.397964
0.160000 0.080000 0.446717
0.180000 0.080000 0.493358
0.200000 0.080000 0.537806
0.220000 0.080000 0.579968
0.240000 0.080000 0.619745
0.260000 0.080000 0.657038
0.280000 0.080000 0.691747
0.300000 0.080000 0.723775
0.320000 0.080000 0.753029
0.340000 0.080000 0.779423
0.360000 0.080000 0.802876
0.380000 0.080000 0.823313
0.400000 0.080000 0.840671
0.420000 0.080000 0.854891
0.440000 0.080000 0.865927
0.460000 0.080000 0.873739
0.480000 0.080000 0.878299
0.500000 0.080000 0.879588
0.520000 0.080000 0.877595
0.540000 0.080000 0.872321
0.560000 0.080000 0.863775
0.580000 0.080000 0.851977
0.600000 0.080000 0.836953
0.620000 0.080000 0.818740
0.640000 0.080000 0.797381
0.660000 0.080000 0.772929
0.680000 0.080000 0.745441
0.700000 0.080000 0.714980
0.720000 0.080000 0.681612
0.740000 0.080000 0.645405
0.760000 0.080000 0.606429
0.780000 0.080000 0.564750
0.800000 0.080000 0.520425
0.820000 0.080000 0.473503
0.840000 0.080000 0.424014
0.860000 0.080000 0.371961
0.880000 0.080000 0.317315
0.900000 0.080000 0.259999
0.920000 0.080000 0.199888
0.940000 0.080000 0.136809
0.960000 0.080000 0.070585
0.980000 0.080000 0.001127

0.000000 0.060000 0.001159
0.020000 0.060000 0.065996
0.040000 0.060000 0.128604
0.060000 0.060000 0.188908
0.080000 0.060000 0.247033
0.100000 0.060000 0.303097
0.120000 0.060000 0.357161
0.140000 0.060000 0.409226
0.160000 0.060000 0.459248
0.180000 0.060000 0.507151
0.200000 0.060000 0.552841
0.220000 0.060000 0.596212
0.240000 0.060000 0.637152
0.260000 0.060000 0.675549
0.280000 0.060000 0.711291
0.300000 0.060000 0.744269
0.320000 0.060000 0.774382
0.340000 0.060000 0.801533
0.360000 0.060000 0.825635
0.380000 0.060000 0.846607
0.400000 0.060000 0.864379
0.420000 0.060000 0.878891
0.440000 0.060000 0.890091
0.460000 0.060000 0.897941
0.480000 0.060000 0.902409
0.500000 0.060000 0.903479
0.520000 0.060000 0.901141
0.540000 0.060000 0.895398
0.560000 0.060000 0.886266
0.580000 0.060000 0.873767
0.600000 0.060000 0.857935
0.620000 0.060000 0.838816
0.640000 0.060000 0.816462
0.660000 0.060000 0.790935
0.680000 0.060000 0.762304
0.700000 0.060000 0.730646
0.720000 0.060000 0.696042
0.740000 0.060000 0.658577
0.760000 0.060000 0.618337
0.780000 0.060000 0.575407
0.800000 0.060000 0.529868
0.820000 0.060000 0.481787
0.840000 0.060000 0.431216
0.860000 0.060000 0.378175
0.880000 0.060000 0.322643
0.900000 0.060000 0.264532
0.920000 0.060000 0.203666
0.940000 0.060000 0.139764
0.960000 0.060000 0.072464
0.980000 0.060000 0.001464

0.000000 0.040000 0.001656
0.020000 0.040000 0.069571
0.040000 0.040000 0.134159
0.060000 0.040000 0.195889
0.080000 0.040000 0.255247
0.100000 0.040000 0.312522
0.120000 0.040000 0.367831
0.140000 0.040000 0.421183
0.160000 0.040000 0.472523
0.180000 0.040000 0.521756
0.200000 0.040000 0.568767
0.220000 0.040000 0.613431
0.240000 0.040000 0.655618
0.260000 0.040000 0.695199
0.280000 0.040000 0.732048
0.300000 0.040000 0.766046
0.320000 0.040000 0.797077
0.340000 0.040000 0.825037
0.360000 0.040000 0.849830
0.380000 0.040000 0.871368
0.400000 0.040000 0.889577
0.420000 0.040000 0.904390
0.440000 0.040000 0.915755
0.460000 0.040000 0.923629
0.480000 0.040000 0.927983
0.500000 0.040000 0.928799
0.520000 0.040000 0.926070
0.540000 0.040000 0.919804
0.560000 0.040000 0.910018
0.580000 0.040000 0.896742
0.600000 0.040000 0.880018
0.620000 0.040000 0.859898
0.640000 0.040000 0.836446
0.660000 0.040000 0.809735
0.680000 0.040000 0.779847
0.700000 0.040000 0.746873
0.720000 0.040000 0.710911
0.740000 0.040000 0.672065
0.760000 0.040000 0.630442
0.780000 0.040000 0.586149
0.800000 0.040000 0.539293
0.820000 0.040000 0.489972
0.840000 0.040000 0.438266
0.860000 0.040000 0.384230
0.880000 0.040000 0.327869
0.900000 0.040000 0.269106
0.920000 0.040000 0.207733
0.940000 0.040000 0.143332
0.960000 0.040000 0.075219
0.980000 0.040000 0.002563

0.000000 0.020000 0.003691
0.020000 0.020000 0.075324
0.040000 0.020000 0.141380
0.060000 0.020000 0.204012
0.080000 0.020000 0.264287
0.100000 0.020000 0.322626
0.120000 0.020000 0.379147
0.140000 0.020000 0.433820
0.160000 0.020000 0.486548
0.180000 0.020000 0.537199
0.200000 0.020000 0.585630
0.220000 0.020000 0.631687
0.240000 0.020000 0.675219
0.260000 0.020000 0.716078
0.280000 0.020000 0.754123
0.300000 0.020000 0.789217
0.320000 0.020000 0.821236
0.340000 0.020000 0.850064
0.360000 0.020000 0.875595
0.380000 0.020000 0.897736
0.400000 0.020000 0.916404
0.420000 0.020000 0.931531
0.440000 0.020000 0.943059
0.460000 0.020000 0.950945
0.480000 0.020000 0.955159
0.500000 0.020000 0.955683
0.520000 0.020000 0.952513
0.540000 0.020000 0.945661
0.560000 0.020000 0.935147
0.580000 0.020000 0.921010
0.600000 0.020000 0.903298
0.620000 0.020000 0.882072
0.640000 0.020000 0.857408
0.660000 0.020000 0.829389
0.680000 0.020000 0.798113
0.700000 0.020000 0.763687
0.720000 0.020000 0.726227
0.740000 0.020000 0.685856
0.760000 0.020000 0.642706
0.780000 0.020000 0.596912
0.800000 0.020000 0.548610
0.820000 0.020000 0.497935
0.840000 0.020000 0.445012
0.860000 0.020000 0.389946
0.880000 0.020000 0.332803
0.900000 0.020000 0.273570
0.920000 0.020000 0.212074
0.940000 0.020000 0.147822
0.960000 0.020000 0.079684
0.980000 0.020000 0.005702

0.000000 0.000000 0.012316
0.020000 0.000000 0.085556
0.040000 0.000000 0.150853
0.060000 0.000000 0.213277
0.080000 0.000000 0.274014
0.100000 0.000000 0.333279
0.120000 0.000000 0.391017
0.140000 0.000000 0.447085
0.160000 0.000000 0.501307
0.180000 0.000000 0.553498
0.200000 0.000000 0.603472
0.220000 0.000000 0.651045
0.240000 0.000000 0.696040
0.260000 0.000000 0.738287
0.280000 0.000000 0.777626
0.300000 0.000000 0.813908
0.320000 0.000000 0.846993
0.340000 0.000000 0.876754
0.360000 0.000000 0.903076
0.380000 0.000000 0.925859
0.400000 0.000000 0.945014
0.420000 0.000000 0.960467
0.440000 0.000000 0.972158
0.460000 0.000000 0.980041
0.480000 0.000000 0.984086
0.500000 0.000000 0.984276
0.520000 0.000000 0.980610
0.540000 0.000000 0.973102
0.560000 0.000000 0.961780
0.580000 0.000000 0.946687
0.600000 0.000000 0.927880
0.620000 0.000000 0.905431
0.640000 0.000000 0.879425
0.660000 0.000000 0.849961
0.680000 0.000000 0.817150
0.700000 0.000000 0.781116
0.720000 0.000000 0.741995
0.740000 0.000000 0.699933
0.760000 0.000000 0.655087
0.780000 0.000000 0.607620
0.800000 0.000000 0.557707
0.820000 0.000000 0.505523
0.840000 0.000000 0.451249
0.860000 0.000000 0.395061
0.880000 0.000000 0.337124
0.900000 0.000000 0.277566
0.920000 0.000000 0.216418
0.940000 0.000000 0.153409
0.960000 0.000000 0.087164
0.980000 0.000000 0.011715

