0.000000 0.980000 0.000786
0.020000 0.980000 0.002437
0.040000 0.980000 0.003855
0.060000 0.980000 0.005092
0.080000 0.980000 0.006183
0.100000 0.980000 0.007158
0.120000 0.980000 0.008041
0.140000 0.980000 0.008847
0.160000 0.980000 0.009590
0.180000 0.980000 0.010281
0.200000 0.980000 0.010928
0.220000 0.980000 0.011538
0.240000 0.980000 0.012115
0.260000 0.980000 0.012666
0.280000 0.980000 0.013192
0.300000 0.980000 0.013697
0.320000 0.980000 0.014183
0.340000 0.980000 0.014652
0.360000 0.980000 0.015106
0.380000 0.980000 0.015546
0.400000 0.980000 0.015973
0.420000 0.980000 0.016389
0.440000 0.980000 0.016795
0.460000 0.980000 0.017190
0.480000 0.980000 0.017577
0.500000 0.980000 0.017955
0.520000 0.980000 0.018325
0.540000 0.980000 0.018687
0.560000 0.980000 0.019043
0.580000 0.980000 0.019392
0.600000 0.980000 0.019735
0.620000 0.980000 0.020071
0.640000 0.980000 0.020402
0.660000 0.980000 0.020728
0.680000 0.980000 0.021049
0.700000 0.980000 0.021365
0.720000 0.980000 0.021676
0.740000 0.980000 0.021983
0.760000 0.980000 0.022285
0.780000 0.980000 0.022583
0.800000 0.980000 0.022878
0.820000 0.980000 0.023169
0.840000 0.980000 0.023456
0.860000 0.980000 0.023739
0.880000 0.980000 0.024018
0.900000 0.980000 0.024285
0.920000 0.980000 0.024494
0.940000 0.980000 0.024325
0.960000 0.980000 0.021597
0.980000 0.980000 0.001354

0.000000 0.960000 0.001430
0.020000 0.960000 0.003435
0.040000 0.960000 0.005394
0.060000 0.960000 0.007298
0.080000 0.960000 0.009144
0.100000 0.960000 0.010929
0.120000 0.960000 0.012656
0.140000 0.960000 0.014324
0.160000 0.960000 0.015938
0.180000 0.960000 0.017499
0.200000 0.960000 0.019011
0.220000 0.960000 0.020476
0.240000 0.960000 0.021898
0.260000 0.960000 0.023280
0.280000 0.960000 0.024624
0.300000 0.960000 0.025932
0.320000 0.960000 0.027206
0.340000 0.960000 0.028450
0.360000 0.960000 0.029664
0.380000 0.960000 0.030851
0.400000 0.960000 0.032012
0.420000 0.960000 0.033149
0.440000 0.960000 0.034263
0.460000 0.960000 0.035355
0.480000 0.960000 0.036426
0.500000 0.960000 0.037478
0.520000 0.960000 0.038511
0.540000 0.960000 0.039527
0.560000 0.960000 0.040526
0.580000 0.960000 0.041509
0.600000 0.960000 0.042477
0.620000 0.960000 0.043431
0.640000 0.960000 0.044370
0.660000 0.960000 0.045296
0.680000 0.960000 0.046209
0.700000 0.960000 0.047110
0.720000 0.960000 0.047999
0.740000 0.960000 0.048877
0.760000 0.960000 0.049743
0.780000 0.960000 0.050599
0.800000 0.960000 0.051445
0.820000 0.960000 0.052281
0.840000 0.960000 0.053108
0.860000 0.960000 0.053925
0.880000 0.960000 0.054729
0.900000 0.960000 0.055504
0.920000 0.960000 0.056129
0.940000 0.960000 0.055807
0.960000 0.960000 0.049263
0.980000 0.960000 0.001526

0.000000 0.940000 0.001529
0.020000 0.940000 0.003611
0.040000 0.940000 0.005683
0.060000 0.940000 0.007742
0.080000 0.940000 0.009785
0.100000 0.940000 0.011808
0.120000 0.940000 0.013810
0.140000 0.940000 0.015789
0.160000 0.940000 0.017743
0.180000 0.940000 0.019671
0.200000 0.940000 0.021573
0.220000 0.940000 0.023448
0.240000 0.940000 0.025297
0.260000 0.940000 0.027118
0.280000 0.940000 0.028913
0.300000 0.940000 0.030682
0.320000 0.940000 0.032425
0.340000 0.940000 0.034143
0.360000 0.940000 0.035836
0.380000 0.940000 0.037505
0.400000 0.940000 0.039151
0.420000 0.940000 0.040774
0.440000 0.940000 0.042375
0.460000 0.940000 0.043954
0.480000 0.940000 0.045513
0.500000 0.940000 0.047052
0.520000 0.940000 0.048571
0.540000 0.940000 0.050071
0.560000 0.940000 0.051552
0.580000 0.940000 0.053016
0.600000 0.940000 0.054463
0.620000 0.940000 0.055893
0.640000 0.940000 0.057307
0.660000 0.940000 0.058705
0.680000 0.940000 0.060087
0.700000 0.940000 0.061455
0.720000 0.940000 0.062809
0.740000 0.940000 0.064148
0.760000 0.940000 0.065474
0.780000 0.940000 0.066786
0.800000 0.940000 0.068086
0.820000 0.940000 0.069373
0.840000 0.940000 0.070648
0.860000 0.940000 0.071910
0.880000 0.940000 0.073156
0.900000 0.940000 0.074361
0.920000 0.940000 0.075357
0.940000 0.940000 0.075043
0.960000 0.940000 0.066204
0.980000 0.940000 0.001538

0.000000 0.920000 0.001538
0.020000 0.920000 0.003635
0.040000 0.920000 0.005730
0.060000 0.920000 0.007823
0.080000 0.920000 0.009911
0.100000 0.920000 0.011994
0.120000 0.920000 0.014071
0.140000 0.920000 0.016141
0.160000 0.920000 0.018202
0.180000 0.920000 0.020254
0.200000 0.920000 0.022296
0.220000 0.920000 0.024326
0.240000 0.920000 0.026345
0.260000 0.920000 0.028350
0.280000 0.920000 0.030343
0.300000 0.920000 0.032322
0.320000 0.920000 0.034288
0.340000 0.920000 0.036238
0.360000 0.920000 0.038175
0.380000 0.920000 0.040096
0.400000 0.920000 0.042003
0.420000 0.920000 0.043895
0.440000 0.920000 0.045771
0.460000 0.920000 0.047633
0.480000 0.920000 0.049480
0.500000 0.920000 0.051312
0.520000 0.920000 0.053130
0.540000 0.920000 0.054933
0.560000 0.920000 0.056721
0.580000 0.920000 0.058496
0.600000 0.920000 0.060256
0.620000 0.920000 0.062002
0.640000 0.920000 0.063735
0.660000 0.920000 0.065454
0.680000 0.920000 0.067160
0.700000 0.920000 0.068852
0.720000 0.920000 0.070532
0.740000 0.920000 0.072199
0.760000 0.920000 0.073854
0.780000 0.920000 0.075496
0.800000 0.920000 0.077126
0.820000 0.920000 0.078745
0.840000 0.920000 0.080351
0.860000 0.920000 0.081946
0.880000 0.920000 0.083523
0.900000 0.920000 0.085054
0.920000 0.920000 0.086342
0.940000 0.920000 0.086107
0.960000 0.920000 0.075996
0.980000 0.920000 0.001538

0.000000 0.900000 0.001538
0.020000 0.900000 0.003638
0.040000 0.900000 0.005737
0.060000 0.900000 0.007836
0.080000 0.900000 0.009934
0.100000 0.900000 0.012030
0.120000 0.900000 0.014125
0.140000 0.900000 0.016219
0.160000 0.900000 0.018309
0.180000 0.900000 0.020397
0.200000 0.900000 0.022481
0.220000 0.900000 0.024562
0.240000 0.900000 0.026638
0.260000 0.900000 0.028710
0.280000 0.900000 0.030776
0.300000 0.900000 0.032836
0.320000 0.900000 0.034891
0.340000 0.900000 0.036939
0.360000 0.900000 0.038980
0.380000 0.900000 0.041013
0.400000 0.900000 0.043040
0.420000 0.900000 0.045058
0.440000 0.900000 0.047068
0.460000 0.900000 0.049070
0.480000 0.900000 0.051063
0.500000 0.900000 0.053048
0.520000 0.900000 0.055024
0.540000 0.900000 0.056991
0.560000 0.900000 0.058949
0.580000 0.900000 0.060897
0.600000 0.900000 0.062836
0.620000 0.900000 0.064766
0.640000 0.900000 0.066687
0.660000 0.900000 0.068598
0.680000 0.900000 0.070500
0.700000 0.900000 0.072392
0.720000 0.900000 0.074275
0.740000 0.900000 0.076149
0.760000 0.900000 0.078013
0.780000 0.900000 0.079868
0.800000 0.900000 0.081714
0.820000 0.900000 0.083550
0.840000 0.900000 0.085377
0.860000 0.900000 0.087194
0.880000 0.900000 0.088996
0.900000 0.900000 0.090750
0.920000 0.900000 0.092244
0.940000 0.900000 0.092098
0.960000 0.900000 0.081329
0.980000 0.900000 0.001538

0.000000 0.880000 0.001538
0.020000 0.880000 0.003638
0.040000 0.880000 0.005738
0.060000 0.880000 0.007838
0.080000 0.880000 0.009938
0.100000 0.880000 0.012037
0.120000 0.880000 0.014136
0.140000 0.880000 0.016235
0.160000 0.880000 0.018333
0.180000 0.880000 0.020430
0.200000 0.880000 0.022526
0.220000 0.880000 0.024621
0.240000 0.880000 0.026714
0.260000 0.880000 0.028807
0.280000 0.880000 0.030897
0.300000 0.880000 0.032985
0.320000 0.880000 0.035071
0.340000 0.880000 0.037154
0.360000 0.880000 0.039235
0.380000 0.880000 0.041312
0.400000 0.880000 0.043387
0.420000 0.880000 0.045457
0.440000 0.880000 0.047524
0.460000 0.880000 0.049588
0.480000 0.880000 0.051647
0.500000 0.880000 0.053701
0.520000 0.880000 0.055751
0.540000 0.880000 0.057797
0.560000 0.880000 0.059837
0.580000 0.880000 0.061873
0.600000 0.880000 0.063903
0.620000 0.880000 0.065928
0.640000 0.880000 0.067947
0.660000 0.880000 0.069961
0.680000 0.880000 0.071969
0.700000 0.880000 0.073972
0.720000 0.880000 0.075968
0.740000 0.880000 0.077959
0.760000 0.880000 0.079943
0.780000 0.880000 0.081922
0.800000 0.880000 0.083894
0.820000 0.880000 0.085860
0.840000 0.880000 0.087819
0.860000 0.880000 0.089772
0.880000 0.880000 0.091711
0.900000 0.880000 0.093604
0.920000 0.880000 0.095230
0.940000 0.880000 0.095154
0.960000 0.880000 0.084068
0.980000 0.880000 0.001538

0.000000 0.860000 0.001538
0.020000 0.860000 0.003638
0.040000 0.860000 0.005738
0.060000 0.860000 0.007838
0.080000 0.860000 0.009938
0.100000 0.860000 0.012038
0.120000 0.860000 0.014138
0.140000 0.860000 0.016238
0.160000 0.860000 0.018337
0.180000 0.860000 0.020437
0.200000 0.860000 0.022536
0.220000 0.860000 0.024635
0.240000 0.860000 0.026733
0.260000 0.860000 0.028831
0.280000 0.860000 0.030928
0.300000 0.860000 0.033025
0.320000 0.860000 0.035121
0.340000 0.860000 0.037216
0.360000 0.860000 0.039310
0.380000 0.860000 0.041403
0.400000 0.860000 0.043495
0.420000 0.860000 0.045585
0.440000 0.860000 0.047674
0.460000 0.860000 0.049761
0.480000 0.860000 0.051847
0.500000 0.860000 0.053930
0.520000 0.860000 0.056012
0.540000 0.860000 0.058091
0.560000 0.860000 0.060168
0.580000 0.860000 0.062242
0.600000 0.860000 0.064314
0.620000 0.860000 0.066384
0.640000 0.860000 0.068450
0.660000 0.860000 0.070514
0.680000 0.860000 0.072574
0.700000 0.860000 0.074632
0.720000 0.860000 0.076686
0.740000 0.860000 0.078736
0.760000 0.860000 0.080784
0.780000 0.860000 0.082828
0.800000 0.860000 0.084868
0.820000 0.860000 0.086904
0.840000 0.860000 0.088937
0.860000 0.860000 0.090964
0.880000 0.860000 0.092982
0.900000 0.860000 0.094954
0.920000 0.860000 0.096656
0.940000 0.860000 0.096628
0.960000 0.860000 0.085398
0.980000 0.860000 0.001538

0.000000 0.840000 0.001538
0.020000 0.840000 0.003638
0.040000 0.840000 0.005738
0.060000 0.840000 0.007838
0.080000 0.840000 0.009938
0.100000 0.840000 0.012038
0.120000 0.840000 0.014138
0.140000 0.840000 0.016238
0.160000 0.840000 0.018338
0.180000 0.840000 0.020438
0.200000 0.840000 0.022538
0.220000 0.840000 0.024638
0.240000 0.840000 0.026737
0.260000 0.840000 0.028837
0.280000 0.840000 0.030936
0.300000 0.840000 0.033035
0.320000 0.840000 0.035134
0.340000 0.840000 0.037233
0.360000 0.840000 0.039331
0.380000 0.840000 0.041429
0.400000 0.840000 0.043527
0.420000 0.840000 0.045624
0.440000 0.840000 0.047720
0.460000 0.840000 0.049816
0.480000 0.840000 0.051911
0.500000 0.840000 0.054005
0.520000 0.840000 0.056099
0.540000 0.840000 0.058192
0.560000 0.840000 0.060283
0.580000 0.840000 0.062374
0.600000 0.840000 0.064463
0.620000 0.840000 0.066552
0.640000 0.840000 0.068639
0.660000 0.840000 0.070724
0.680000 0.840000 0.072808
0.700000 0.840000 0.074891
0.720000 0.840000 0.076972
0.740000 0.840000 0.079051
0.760000 0.840000 0.081129
0.780000 0.840000 0.083204
0.800000 0.840000 0.085278
0.820000 0.840000 0.087350
0.840000 0.840000 0.089419
0.860000 0.840000 0.091486
0.880000 0.840000 0.093544
0.900000 0.840000 0.095558
0.920000 0.840000 0.097301
0.940000 0.840000 0.097300
0.960000 0.840000 0.086009
0.980000 0.840000 0.001538

0.000000 0.820000 0.001538
0.020000 0.820000 0.003638
0.040000 0.820000 0.005738
0.060000 0.820000 0.007838
0.080000 0.820000 0.009938
0.100000 0.820000 0.012038
0.120000 0.820000 0.014138
0.140000 0.820000 0.016238
0.160000 0.820000 0.018338
0.180000 0.820000 0.020438
0.200000 0.820000 0.022538
0.220000 0.820000 0.024638
0.240000 0.820000 0.026738
0.260000 0.820000 0.028838
0.280000 0.820000 0.030938
0.300000 0.820000 0.033038
0.320000 0.820000 0.035137
0.340000 0.820000 0.037237
0.360000 0.820000 0.039337
0.380000 0.820000 0.041436
0.400000 0.820000 0.043535
0.420000 0.820000 0.045634
0.440000 0.820000 0.047733
0.460000 0.820000 0.049832
0.480000 0.820000 0.051931
0.500000 0.820000 0.054029
0.520000 0.820000 0.056127
0.540000 0.820000 0.058224
0.560000 0.820000 0.060321
0.580000 0.820000 0.062418
0.600000 0.820000 0.064515
0.620000 0.820000 0.066610
0.640000 0.820000 0.068706
0.660000 0.820000 0.070800
0.680000 0.820000 0.072894
0.700000 0.820000 0.074988
0.720000 0.820000 0.077080
0.740000 0.820000 0.079172
0.760000 0.820000 0.081263
0.780000 0.820000 0.083353
0.800000 0.820000 0.085442
0.820000 0.820000 0.087530
0.840000 0.820000 0.089617
0.860000 0.820000 0.091702
0.880000 0.820000 0.093779
0.900000 0.820000 0.095814
0.920000 0.820000 0.097577
0.940000 0.820000 0.097592
0.960000 0.820000 0.086276
0.980000 0.820000 0.001538

0.000000 0.800000 0.001538
0.020000 0.800000 0.003638
0.040000 0.800000 0.005738
0.060000 0.800000 0.007838
0.080000 0.800000 0.009938
0.100000 0.800000 0.012038
0.120000 0.800000 0.014138
0.140000 0.800000 0.016238
0.160000 0.800000 0.018338
0.180000 0.800000 0.020438
0.200000 0.800000 0.022538
0.220000 0.800000 0.024638
0.240000 0.800000 0.026738
0.260000 0.800000 0.028838
0.280000 0.800000 0.030938
0.300000 0.800000 0.033038
0.320000 0.800000 0.035138
0.340000 0.800000 0.037238
0.360000 0.800000 0.039338
0.380000 0.800000 0.041438
0.400000 0.800000 0.043538
0.420000 0.800000 0.045637
0.440000 0.800000 0.047737
0.460000 0.800000 0.049837
0.480000 0.800000 0.051936
0.500000 0.800000 0.054036
0.520000 0.800000 0.056135
0.540000 0.800000 0.058234
0.560000 0.800000 0.060333
0.580000 0.800000 0.062432
0.600000 0.800000 0.064531
0.620000 0.800000 0.066630
0.640000 0.800000 0.068728
0.660000 0.800000 0.070826
0.680000 0.800000 0.072924
0.700000 0.800000 0.075022
0.720000 0.800000 0.077119
0.740000 0.800000 0.079216
0.760000 0.800000 0.081312
0.780000 0.800000 0.083409
0.800000 0.800000 0.085504
0.820000 0.800000 0.087600
0.840000 0.800000 0.089694
0.860000 0.800000 0.091787
0.880000 0.800000 0.093874
0.900000 0.800000 0.095917
0.920000 0.800000 0.097691
0.940000 0.800000 0.097712
0.960000 0.800000 0.086387
0.980000 0.800000 0.001538

0.000000 0.780000 0.001538
0.020000 0.780000 0.003638
0.040000 0.780000 0.005738
0.060000 0.780000 0.007838
0.080000 0.780000 0.009938
0.100000 0.780000 0.012038
0.120000 0.780000 0.014138
0.140000 0.780000 0.016238
0.160000 0.780000 0.018338
0.180000 0.780000 0.020438
0.200000 0.780000 0.022538
0.220000 0.780000 0.024638
0.240000 0.780000 0.026738
0.260000 0.780000 0.028838
0.280000 0.780000 0.030938
0.300000 0.780000 0.033038
0.320000 0.780000 0.035138
0.340000 0.780000 0.037238
0.360000 0.780000 0.039338
0.380000 0.780000 0.041438
0.400000 0.780000 0.043538
0.420000 0.780000 0.045638
0.440000 0.780000 0.047738
0.460000 0.780000 0.049838
0.480000 0.780000 0.051938
0.500000 0.780000 0.054038
0.520000 0.780000 0.056138
0.540000 0.780000 0.058237
0.560000 0.780000 0.060337
0.580000 0.780000 0.062437
0.600000 0.780000 0.064536
0.620000 0.780000 0.066636
0.640000 0.780000 0.068735
0.660000 0.780000 0.070835
0.680000 0.780000 0.072934
0.700000 0.780000 0.075033
0.720000 0.780000 0.077132
0.740000 0.780000 0.079231
0.760000 0.780000 0.081330
0.780000 0.780000 0.083428
0.800000 0.780000 0.085527
0.820000 0.780000 0.087625
0.840000 0.780000 0.089723
0.860000 0.780000 0.091819
0.880000 0.780000 0.093909
0.900000 0.780000 0.095957
0.920000 0.780000 0.097735
0.940000 0.780000 0.097760
0.960000 0.780000 0.086431
0.980000 0.780000 0.001538

0.000000 0.760000 0.001538
0.020000 0.760000 0.003638
0.040000 0.760000 0.005738
0.060000 0.760000 0.007838
0.080000 0.760000 0.009938
0.100000 0.760000 0.012038
0.120000 0.760000 0.014138
0.140000 0.760000 0.016238
0.160000 0.760000 0.018338
0.180000 0.760000 0.020438
0.200000 0.760000 0.022538
0.220000 0.760000 0.024638
0.240000 0.760000 0.026738
0.260000 0.760000 0.028838
0.280000 0.760000 0.030938
0.300000 0.760000 0.033038
0.320000 0.760000 0.035138
0.340000 0.760000 0.037238
0.360000 0.760000 0.039338
0.380000 0.760000 0.041438
0.400000 0.760000 0.043538
0.420000 0.760000 0.045638
0.440000 0.760000 0.047738
0.460000 0.760000 0.049838
0.480000 0.760000 0.051938
0.500000 0.760000 0.054038
0.520000 0.760000 0.056138
0.540000 0.760000 0.058238
0.560000 0.760000 0.060338
0.580000 0.760000 0.062438
0.600000 0.760000 0.064538
0.620000 0.760000 0.066638
0.640000 0.760000 0.068738
0.660000 0.760000 0.070837
0.680000 0.760000 0.072937
0.700000 0.760000 0.075037
0.720000 0.760000 0.077137
0.740000 0.760000 0.079236
0.760000 0.760000 0.081336
0.780000 0.760000 0.083435
0.800000 0.760000 0.085535
0.820000 0.760000 0.087634
0.840000 0.760000 0.089733
0.860000 0.760000 0.091831
0.880000 0.760000 0.093923
0.900000 0.760000 0.095972
0.920000 0.760000 0.097751
0.940000 0.760000 0.097778
0.960000 0.760000 0.086448
0.980000 0.760000 0.001538

0.000000 0.740000 0.001538
0.020000 0.740000 0.003638
0.040000 0.740000 0.005738
0.060000 0.740000 0.007838
0.080000 0.740000 0.009938
0.100000 0.740000 0.012038
0.120000 0.740000 0.014138
0.140000 0.740000 0.016238
0.160000 0.740000 0.018338
0.180000 0.740000 0.020438
0.200000 0.740000 0.022538
0.220000 0.740000 0.024638
0.240000 0.740000 0.026738
0.260000 0.740000 0.028838
0.280000 0.740000 0.030938
0.300000 0.740000 0.033038
0.320000 0.740000 0.035138
0.340000 0.740000 0.037238
0.360000 0.740000 0.039338
0.380000 0.740000 0.041438
0.400000 0.740000 0.043538
0.420000 0.740000 0.045638
0.440000 0.740000 0.047738
0.460000 0.740000 0.049838
0.480000 0.740000 0.051938
0.500000 0.740000 0.054038
0.520000 0.740000 0.056138
0.540000 0.740000 0.058238
0.560000 0.740000 0.060338
0.580000 0.740000 0.062438
0.600000 0.740000 0.064538
0.620000 0.740000 0.066638
0.640000 0.740000 0.068738
0.660000 0.740000 0.070838
0.680000 0.740000 0.072938
0.700000 0.740000 0.075038
0.720000 0.740000 0.077138
0.740000 0.740000 0.079238
0.760000 0.740000 0.081338
0.780000 0.740000 0.083437
0.800000 0.740000 0.085537
0.820000 0.740000 0.087637
0.840000 0.740000 0.089737
0.860000 0.740000 0.091835
0.880000 0.740000 0.093927
0.900000 0.740000 0.095977
0.920000 0.740000 0.097757
0.940000 0.740000 0.097784
0.960000 0.740000 0.086454
0.980000 0.740000 0.001538

0.000000 0.720000 0.001538
0.020000 0.720000 0.003638
0.040000 0.720000 0.005738
0.060000 0.720000 0.007838
0.080000 0.720000 0.009938
0.100000 0.720000 0.012038
0.120000 0.720000 0.014138
0.140000 0.720000 0.016238
0.160000 0.720000 0.018338
0.180000 0.720000 0.020438
0.200000 0.720000 0.022538
0.220000 0.720000 0.024638
0.240000 0.720000 0.026738
0.260000 0.720000 0.028838
0.280000 0.720000 0.030938
0.300000 0.720000 0.033038
0.320000 0.720000 0.035138
0.340000 0.720000 0.037238
0.360000 0.720000 0.039338
0.380000 0.720000 0.041438
0.400000 0.720000 0.043538
0.420000 0.720000 0.045638
0.440000 0.720000 0.047738
0.460000 0.720000 0.049838
0.480000 0.720000 0.051938
0.500000 0.720000 0.054038
0.520000 0.720000 0.056138
0.540000 0.720000 0.058238
0.560000 0.720000 0.060338
0.580000 0.720000 0.062438
0.600000 0.720000 0.064538
0.620000 0.720000 0.066638
0.640000 0.720000 0.068738
0.660000 0.720000 0.070838
0.680000 0.720000 0.072938
0.700000 0.720000 0.075038
0.720000 0.720000 0.077138
0.740000 0.720000 0.079238
0.760000 0.720000 0.081338
0.780000 0.720000 0.083438
0.800000 0.720000 0.085538
0.820000 0.720000 0.087638
0.840000 0.720000 0.089738
0.860000 0.720000 0.091836
0.880000 0.720000 0.093929
0.900000 0.720000 0.095979
0.920000 0.720000 0.097759
0.940000 0.720000 0.097786
0.960000 0.720000 0.086456
0.980000 0.720000 0.001538

0.000000 0.700000 0.001538
0.020000 0.700000 0.003638
0.040000 0.700000 0.005738
0.060000 0.700000 0.007838
0.080000 0.700000 0.009938
0.100000 0.700000 0.012038
0.120000 0.700000 0.014138
0.140000 0.700000 0.016238
0.160000 0.700000 0.018338
0.180000 0.700000 0.020438
0.200000 0.700000 0.022538
0.220000 0.700000 0.024638
0.240000 0.700000 0.026738
0.260000 0.700000 0.028838
0.280000 0.700000 0.030938
0.300000 0.700000 0.033038
0.320000 0.700000 0.035138
0.340000 0.700000 0.037238
0.360000 0.700000 0.039338
0.380000 0.700000 0.041438
0.400000 0.700000 0.043538
0.420000 0.700000 0.045638
0.440000 0.700000 0.047738
0.460000 0.700000 0.049838
0.480000 0.700000 0.051938
0.500000 0.700000 0.054038
0.520000 0.700000 0.056138
0.540000 0.700000 0.058238
0.560000 0.700000 0.060338
0.580000 0.700000 0.062438
0.600000 0.700000 0.064538
0.620000 0.700000 0.066638
0.640000 0.700000 0.068738
0.660000 0.700000 0.070838
0.680000 0.700000 0.072938
0.700000 0.700000 0.075038
0.720000 0.700000 0.077138
0.740000 0.700000 0.079238
0.760000 0.700000 0.081338
0.780000 0.700000 0.083438
0.800000 0.700000 0.085538
0.820000 0.700000 0.087638
0.840000 0.700000 0.089738
0.860000 0.700000 0.091837
0.880000 0.700000 0.093929
0.900000 0.700000 0.095980
0.920000 0.700000 0.097760
0.940000 0.700000 0.097787
0.960000 0.700000 0.086457
0.980000 0.700000 0.001538

0.000000 0.680000 0.001538
0.020000 0.680000 0.003638
0.040000 0.680000 0.005738
0.060000 0.680000 0.007838
0.080000 0.680000 0.009938
0.100000 0.680000 0.012038
0.120000 0.680000 0.014138
0.140000 0.680000 0.016238
0.160000 0.680000 0.018338
0.180000 0.680000 0.020438
0.200000 0.680000 0.022538
0.220000 0.680000 0.024638
0.240000 0.680000 0.026738
0.260000 0.680000 0.028838
0.280000 0.680000 0.030938
0.300000 0.680000 0.033038
0.320000 0.680000 0.035138
0.340000 0.680000 0.037238
0.360000 0.680000 0.039338
0.380000 0.680000 0.041438
0.400000 0.680000 0.043538
0.420000 0.680000 0.045638
0.440000 0.680000 0.047738
0.460000 0.680000 0.049838
0.480000 0.680000 0.051938
0.500000 0.680000 0.054038
0.520000 0.680000 0.056138
0.540000 0.680000 0.058238
0.560000 0.680000 0.060338
0.580000 0.680000 0.062438
0.600000 0.680000 0.064538
0.620000 0.680000 0.066638
0.640000 0.680000 0.068738
0.660000 0.680000 0.070838
0.680000 0.680000 0.072938
0.700000 0.680000 0.075038
0.720000 0.680000 0.077138
0.740000 0.680000 0.079238
0.760000 0.680000 0.081338
0.780000 0.680000 0.083438
0.800000 0.680000 0.085538
0.820000 0.680000 0.087638
0.840000 0.680000 0.089738
0.860000 0.680000 0.091837
0.880000 0.680000 0.093929
0.900000 0.680000 0.095980
0.920000 0.680000 0.097760
0.940000 0.680000 0.097787
0.960000 0.680000 0.086457
0.980000 0.680000 0.001538

0.000000 0.660000 0.001538
0.020000 0.660000 0.003638
0.040000 0.660000 0.005738
0.060000 0.660000 0.007838
0.080000 0.660000 0.009938
0.100000 0.660000 0.012038
0.120000 0.660000 0.014138
0.140000 0.660000 0.016238
0.160000 0.660000 0.018338
0.180000 0.660000 0.020438
0.200000 0.660000 0.022538
0.220000 0.660000 0.024638
0.240000 0.660000 0.026738
0.260000 0.660000 0.028838
0.280000 0.660000 0.030938
0.300000 0.660000 0.033038
0.320000 0.660000 0.035138
0.340000 0.660000 0.037238
0.360000 0.660000 0.039338
0.380000 0.660000 0.041438
0.400000 0.660000 0.043538
0.420000 0.660000 0.045638
0.440000 0.660000 0.047738
0.460000 0.660000 0.049838
0.480000 0.660000 0.051938
0.500000 0.660000 0.054038
0.520000 0.660000 0.056138
0.540000 0.660000 0.058238
0.560000 0.660000 0.060338
0.580000 0.660000 0.062438
0.600000 0.660000 0.064538
0.620000 0.660000 0.066638
0.640000 0.660000 0.068738
0.660000 0.660000 0.070838
0.680000 0.660000 0.072938
0.700000 0.660000 0.075038
0.720000 0.660000 0.077138
0.740000 0.660000 0.079238
0.760000 0.660000 0.081338
0.780000 0.660000 0.083438
0.800000 0.660000 0.085538
0.820000 0.660000 0.087638
0.840000 0.660000 0.089738
0.860000 0.660000 0.091837
0.880000 0.660000 0.093929
0.900000 0.660000 0.095980
0.920000 0.660000 0.097760
0.940000 0.660000 0.097787
0.960000 0.660000 0.086457
0.980000 0.660000 0.001538

0.000000 0.640000 0.001538
0.020000 0.640000 0.003638
0.040000 0.640000 0.005738
0.060000 0.640000 0.007838
0.080000 0.640000 0.009938
0.100000 0.640000 0.012038
0.120000 0.640000 0.014138
0.140000 0.640000 0.016238
0.160000 0.640000 0.018338
0.180000 0.640000 0.020438
0.200000 0.640000 0.022538
0.220000 0.640000 0.024638
0.240000 0.640000 0.026738
0.260000 0.640000 0.028838
0.280000 0.640000 0.030938
0.300000 0.640000 0.033038
0.320000 0.640000 0.035138
0.340000 0.640000 0.037238
0.360000 0.640000 0.039338
0.380000 0.640000 0.041438
0.400000 0.640000 0.043538
0.420000 0.640000 0.045638
0.440000 0.640000 0.047738
0.460000 0.640000 0.049838
0.480000 0.640000 0.051938
0.500000 0.640000 0.054038
0.520000 0.640000 0.056138
0.540000 0.640000 0.058238
0.560000 0.640000 0.060338
0.580000 0.640000 0.062438
0.600000 0.640000 0.064538
0.620000 0.640000 0.066638
0.640000 0.640000 0.068738
0.660000 0.640000 0.070838
0.680000 0.640000 0.072938
0.700000 0.640000 0.075038
0.720000 0.640000 0.077138
0.740000 0.640000 0.079238
0.760000 0.640000 0.081338
0.780000 0.640000 0.083438
0.800000 0.640000 0.085538
0.820000 0.640000 0.087638
0.840000 0.640000 0.089738
0.860000 0.640000 0.091837
0.880000 0.640000 0.093929
0.900000 0.640000 0.095980
0.920000 0.640000 0.097760
0.940000 0.640000 0.097787
0.960000 0.640000 0.086457
0.980000 0.640000 0.001538

0.000000 0.620000 0.001538
0.020000 0.620000 0.003638
0.040000 0.620000 0.005738
0.060000 0.620000 0.007838
0.080000 0.620000 0.009938
0.100000 0.620000 0.012038
0.120000 0.620000 0.014138
0.140000 0.620000 0.016238
0.160000 0.620000 0.018338
0.180000 0.620000 0.020438
0.200000 0.620000 0.022538
0.220000 0.620000 0.024638
0.240000 0.620000 0.026738
0.260000 0.620000 0.028838
0.280000 0.620000 0.030938
0.300000 0.620000 0.033038
0.320000 0.620000 0.035138
0.340000 0.620000 0.037238
0.360000 0.620000 0.039338
0.380000 0.620000 0.041438
0.400000 0.620000 0.043538
0.420000 0.620000 0.045638
0.440000 0.620000 0.047738
0.460000 0.620000 0.049838
0.480000 0.620000 0.051938
0.500000 0.620000 0.054038
0.520000 0.620000 0.056138
0.540000 0.620000 0.058238
0.560000 0.620000 0.060338
0.580000 0.620000 0.062438
0.600000 0.620000 0.064538
0.620000 0.620000 0.066638
0.640000 0.620000 0.068738
0.660000 0.620000 0.070838
0.680000 0.620000 0.072938
0.700000 0.620000 0.075038
0.720000 0.620000 0.077138
0.740000 0.620000 0.079238
0.760000 0.620000 0.081338
0.780000 0.620000 0.083438
0.800000 0.620000 0.085538
0.820000 0.620000 0.087638
0.840000 0.620000 0.089738
0.860000 0.620000 0.091837
0.880000 0.620000 0.093929
0.900000 0.620000 0.095980
0.920000 0.620000 0.097760
0.940000 0.620000 0.097787
0.960000 0.620000 0.086457
0.980000 0.620000 0.001538

0.000000 0.600000 0.001538
0.020000 0.600000 0.003638
0.040000 0.600000 0.005738
0.060000 0.600000 0.007838
0.080000 0.600000 0.009938
0.100000 0.600000 0.012038
0.120000 0.600000 0.014138
0.140000 0.600000 0.016238
0.160000 0.600000 0.018338
0.180000 0.600000 0.020438
0.200000 0.600000 0.022538
0.220000 0.600000 0.024638
0.240000 0.600000 0.026738
0.260000 0.600000 0.028838
0.280000 0.600000 0.030938
0.300000 0.600000 0.033038
0.320000 0.600000 0.035138
0.340000 0.600000 0.037238
0.360000 0.600000 0.039338
0.380000 0.600000 0.041438
0.400000 0.600000 0.043538
0.420000 0.600000 0.045638
0.440000 0.600000 0.047738
0.460000 0.600000 0.049838
0.480000 0.600000 0.051938
0.500000 0.600000 0.054038
0.520000 0.600000 0.056138
0.540000 0.600000 0.058238
0.560000 0.600000 0.060338
0.580000 0.600000 0.062438
0.600000 0.600000 0.064538
0.620000 0.600000 0.066638
0.640000 0.600000 0.068738
0.660000 0.600000 0.070838
0.680000 0.600000 0.072938
0.700000 0.600000 0.075038
0.720000 0.600000 0.077138
0.740000 0.600000 0.079238
0.760000 0.600000 0.081338
0.780000 0.600000 0.083438
0.800000 0.600000 0.085538
0.820000 0.600000 0.087638
0.840000 0.600000 0.089738
0.860000 0.600000 0.091837
0.880000 0.600000 0.093929
0.900000 0.600000 0.095980
0.920000 0.600000 0.097760
0.940000 0.600000 0.097787
0.960000 0.600000 0.086457
0.980000 0.600000 0.001538

0.000000 0.580000 0.001538
0.020000 0.580000 0.003638
0.040000 0.580000 0.005738
0.060000 0.580000 0.007838
0.080000 0.580000 0.009938
0.100000 0.580000 0.012038
0.120000 0.580000 0.014138
0.140000 0.580000 0.016238
0.160000 0.580000 0.018338
0.180000 0.580000 0.020438
0.200000 0.580000 0.022538
0.220000 0.580000 0.024638
0.240000 0.580000 0.026738
0.260000 0.580000 0.028838
0.280000 0.580000 0.030938
0.300000 0.580000 0.033038
0.320000 0.580000 0.035138
0.340000 0.580000 0.037238
0.360000 0.580000 0.039338
0.380000 0.580000 0.041438
0.400000 0.580000 0.043538
0.420000 0.580000 0.045638
0.440000 0.580000 0.047738
0.460000 0.580000 0.049838
0.480000 0.580000 0.051938
0.500000 0.580000 0.054038
0.520000 0.580000 0.056138
0.540000 0.580000 0.058238
0.560000 0.580000 0.060338
0.580000 0.580000 0.062438
0.600000 0.580000 0.064538
0.620000 0.580000 0.066638
0.640000 0.580000 0.068738
0.660000 0.580000 0.070838
0.680000 0.580000 0.072938
0.700000 0.580000 0.075038
0.720000 0.580000 0.077138
0.740000 0.580000 0.079238
0.760000 0.580000 0.081338
0.780000 0.580000 0.083438
0.800000 0.580000 0.085538
0.820000 0.580000 0.087638
0.840000 0.580000 0.089738
0.860000 0.580000 0.091837
0.880000 0.580000 0.093929
0.900000 0.580000 0.095980
0.920000 0.580000 0.097760
0.940000 0.580000 0.097787
0.960000 0.580000 0.086457
0.980000 0.580000 0.001538

0.000000 0.560000 0.001538
0.020000 0.560000 0.003638
0.040000 0.560000 0.005738
0.060000 0.560000 0.007838
0.080000 0.560000 0.009938
0.100000 0.560000 0.012038
0.120000 0.560000 0.014138
0.140000 0.560000 0.016238
0.160000 0.560000 0.018338
0.180000 0.560000 0.020438
0.200000 0.560000 0.022538
0.220000 0.560000 0.024638
0.240000 0.560000 0.026738
0.260000 0.560000 0.028838
0.280000 0.560000 0.030938
0.300000 0.560000 0.033038
0.320000 0.560000 0.035138
0.340000 0.560000 0.037238
0.360000 0.560000 0.039338
0.380000 0.560000 0.041438
0.400000 0.560000 0.043538
0.420000 0.560000 0.045638
0.440000 0.560000 0.047738
0.460000 0.560000 0.049838
0.480000 0.560000 0.051938
0.500000 0.560000 0.054038
0.520000 0.560000 0.056138
0.540000 0.560000 0.058238
0.560000 0.560000 0.060338
0.580000 0.560000 0.062438
0.600000 0.560000 0.064538
0.620000 0.560000 0.066638
0.640000 0.560000 0.068738
0.660000 0.560000 0.070838
0.680000 0.560000 0.072938
0.700000 0.560000 0.075038
0.720000 0.560000 0.077138
0.740000 0.560000 0.079238
0.760000 0.560000 0.081338
0.780000 0.560000 0.083438
0.800000 0.560000 0.085538
0.820000 0.560000 0.087638
0.840000 0.560000 0.089738
0.860000 0.560000 0.091837
0.880000 0.560000 0.093929
0.900000 0.560000 0.095980
0.920000 0.560000 0.097760
0.940000 0.560000 0.097787
0.960000 0.560000 0.086457
0.980000 0.560000 0.001538

0.000000 0.540000 0.001538
0.020000 0.540000 0.003638
0.040000 0.540000 0.005738
0.060000 0.540000 0.007838
0.080000 0.540000 0.009938
0.100000 0.540000 0.012038
0.120000 0.540000 0.014138
0.140000 0.540000 0.016238
0.160000 0.540000 0.018338
0.180000 0.540000 0.020438
0.200000 0.540000 0.022538
0.220000 0.540000 0.024638
0.240000 0.540000 0.026738
0.260000 0.540000 0.028838
0.280000 0.540000 0.030938
0.300000 0.540000 0.033038
0.320000 0.540000 0.035138
0.340000 0.540000 0.037238
0.360000 0.540000 0.039338
0.380000 0.540000 0.041438
0.400000 0.540000 0.043538
0.420000 0.540000 0.045638
0.440000 0.540000 0.047738
0.460000 0.540000 0.049838
0.480000 0.540000 0.051938
0.500000 0.540000 0.054038
0.520000 0.540000 0.056138
0.540000 0.540000 0.058238
0.560000 0.540000 0.060338
0.580000 0.540000 0.062438
0.600000 0.540000 0.064538
0.620000 0.540000 0.066638
0.640000 0.540000 0.068738
0.660000 0.540000 0.070838
0.680000 0.540000 0.072938
0.700000 0.540000 0.075038
0.720000 0.540000 0.077138
0.740000 0.540000 0.079238
0.760000 0.540000 0.081338
0.780000 0.540000 0.083438
0.800000 0.540000 0.085538
0.820000 0.540000 0.087638
0.840000 0.540000 0.089738
0.860000 0.540000 0.091837
0.880000 0.540000 0.093929
0.900000 0.540000 0.095980
0.920000 0.540000 0.097760
0.940000 0.540000 0.097787
0.960000 0.540000 0.086457
0.980000 0.540000 0.001538

0.000000 0.520000 0.001538
0.020000 0.520000 0.003638
0.040000 0.520000 0.005738
0.060000 0.520000 0.007838
0.080000 0.520000 0.009938
0.100000 0.520000 0.012038
0.120000 0.520000 0.014138
0.140000 0.520000 0.016238
0.160000 0.520000 0.018338
0.180000 0.520000 0.020438
0.200000 0.520000 0.022538
0.220000 0.520000 0.024638
0.240000 0.520000 0.026738
0.260000 0.520000 0.028838
0.280000 0.520000 0.030938
0.300000 0.520000 0.033038
0.320000 0.520000 0.035138
0.340000 0.520000 0.037238
0.360000 0.520000 0.039338
0.380000 0.520000 0.041438
0.400000 0.520000 0.043538
0.420000 0.520000 0.045638
0.440000 0.520000 0.047738
0.460000 0.520000 0.049838
0.480000 0.520000 0.051938
0.500000 0.520000 0.054038
0.520000 0.520000 0.056138
0.540000 0.520000 0.058238
0.560000 0.520000 0.060338
0.580000 0.520000 0.062438
0.600000 0.520000 0.064538
0.620000 0.520000 0.066638
0.640000 0.520000 0.068738
0.660000 0.520000 0.070838
0.680000 0.520000 0.072938
0.700000 0.520000 0.075038
0.720000 0.520000 0.077138
0.740000 0.520000 0.079238
0.760000 0.520000 0.081338
0.780000 0.520000 0.083438
0.800000 0.520000 0.085538
0.820000 0.520000 0.087638
0.840000 0.520000 0.089738
0.860000 0.520000 0.091837
0.880000 0.520000 0.093929
0.900000 0.520000 0.095980
0.920000 0.520000 0.097760
0.940000 0.520000 0.097787
0.960000 0.520000 0.086457
0.980000 0.520000 0.001538

0.000000 0.500000 0.001538
0.020000 0.500000 0.003638
0.040000 0.500000 0.005738
0.060000 0.500000 0.007838
0.080000 0.500000 0.009938
0.100000 0.500000 0.012038
0.120000 0.500000 0.014138
0.140000 0.500000 0.016238
0.160000 0.500000 0.018338
0.180000 0.500000 0.020438
0.200000 0.500000 0.022538
0.220000 0.500000 0.024638
0.240000 0.500000 0.026738
0.260000 0.500000 0.028838
0.280000 0.500000 0.030938
0.300000 0.500000 0.033038
0.320000 0.500000 0.035138
0.340000 0.500000 0.037238
0.360000 0.500000 0.039338
0.380000 0.500000 0.041438
0.400000 0.500000 0.043538
0.420000 0.500000 0.045638
0.440000 0.500000 0.047738
0.460000 0.500000 0.049838
0.480000 0.500000 0.051938
0.500000 0.500000 0.054038
0.520000 0.500000 0.056138
0.540000 0.500000 0.058238
0.560000 0.500000 0.060338
0.580000 0.500000 0.062438
0.600000 0.500000 0.064538
0.620000 0.500000 0.066638
0.640000 0.500000 0.068738
0.660000 0.500000 0.070838
0.680000 0.500000 0.072938
0.700000 0.500000 0.075038
0.720000 0.500000 0.077138
0.740000 0.500000 0.079238
0.760000 0.500000 0.081338
0.780000 0.500000 0.083438
0.800000 0.500000 0.085538
0.820000 0.500000 0.087638
0.840000 0.500000 0.089738
0.860000 0.500000 0.091837
0.880000 0.500000 0.093929
0.900000 0.500000 0.095980
0.920000 0.500000 0.097760
0.940000 0.500000 0.097787
0.960000 0.500000 0.086457
0.980000 0.500000 0.001538

0.000000 0.480000 0.001538
0.020000 0.480000 0.003638
0.040000 0.480000 0.005738
0.060000 0.480000 0.007838
0.080000 0.480000 0.009938
0.100000 0.480000 0.012038
0.120000 0.480000 0.014138
0.140000 0.480000 0.016238
0.160000 0.480000 0.018338
0.180000 0.480000 0.020438
0.200000 0.480000 0.022538
0.220000 0.480000 0.024638
0.240000 0.480000 0.026738
0.260000 0.480000 0.028838
0.280000 0.480000 0.030938
0.300000 0.480000 0.033038
0.320000 0.480000 0.035138
0.340000 0.480000 0.037238
0.360000 0.480000 0.039338
0.380000 0.480000 0.041438
0.400000 0.480000 0.043538
0.420000 0.480000 0.045638
0.440000 0.480000 0.047738
0.460000 0.480000 0.049838
0.480000 0.480000 0.051938
0.500000 0.480000 0.054038
0.520000 0.480000 0.056138
0.540000 0.480000 0.058238
0.560000 0.480000 0.060338
0.580000 0.480000 0.062438
0.600000 0.480000 0.064538
0.620000 0.480000 0.066638
0.640000 0.480000 0.068738
0.660000 0.480000 0.070838
0.680000 0.480000 0.072938
0.700000 0.480000 0.075038
0.720000 0.480000 0.077138
0.740000 0.480000 0.079238
0.760000 0.480000 0.081338
0.780000 0.480000 0.083438
0.800000 0.480000 0.085538
0.820000 0.480000 0.087638
0.840000 0.480000 0.089738
0.860000 0.480000 0.091837
0.880000 0.480000 0.093929
0.900000 0.480000 0.095980
0.920000 0.480000 0.097760
0.940000 0.480000 0.097787
0.960000 0.480000 0.086457
0.980000 0.480000 0.001538

0.000000 0.460000 0.001538
0.020000 0.460000 0.003638
0.040000 0.460000 0.005738
0.060000 0.460000 0.007838
0.080000 0.460000 0.009938
0.100000 0.460000 0.012038
0.120000 0.460000 0.014138
0.140000 0.460000 0.016238
0.160000 0.460000 0.018338
0.180000 0.460000 0.020438
0.200000 0.460000 0.022538
0.220000 0.460000 0.024638
0.240000 0.460000 0.026738
0.260000 0.460000 0.028838
0.280000 0.460000 0.030938
0.300000 0.460000 0.033038
0.320000 0.460000 0.035138
0.340000 0.460000 0.037238
0.360000 0.460000 0.039338
0.380000 0.460000 0.041438
0.400000 0.460000 0.043538
0.420000 0.460000 0.045638
0.440000 0.460000 0.047738
0.460000 0.460000 0.049838
0.480000 0.460000 0.051938
0.500000 0.460000 0.054038
0.520000 0.460000 0.056138
0.540000 0.460000 0.058238
0.560000 0.460000 0.060338
0.580000 0.460000 0.062438
0.600000 0.460000 0.064538
0.620000 0.460000 0.066638
0.640000 0.460000 0.068738
0.660000 0.460000 0.070838
0.680000 0.460000 0.072938
0.700000 0.460000 0.075038
0.720000 0.460000 0.077138
0.740000 0.460000 0.079238
0.760000 0.460000 0.081338
0.780000 0.460000 0.083438
0.800000 0.460000 0.085538
0.820000 0.460000 0.087638
0.840000 0.460000 0.089738
0.860000 0.460000 0.091837
0.880000 0.460000 0.093929
0.900000 0.460000 0.095980
0.920000 0.460000 0.097760
0.940000 0.460000 0.097787
0.960000 0.460000 0.086457
0.980000 0.460000 0.001538

0.000000 0.440000 0.001538
0.020000 0.440000 0.003638
0.040000 0.440000 0.005738
0.060000 0.440000 0.007838
0.080000 0.440000 0.009938
0.100000 0.440000 0.012038
0.120000 0.440000 0.014138
0.140000 0.440000 0.016238
0.160000 0.440000 0.018338
0.180000 0.440000 0.020438
0.200000 0.440000 0.022538
0.220000 0.440000 0.024638
0.240000 0.440000 0.026738
0.260000 0.440000 0.028838
0.280000 0.440000 0.030938
0.300000 0.440000 0.033038
0.320000 0.440000 0.035138
0.340000 0.440000 0.037238
0.360000 0.440000 0.039338
0.380000 0.440000 0.041438
0.400000 0.440000 0.043538
0.420000 0.440000 0.045638
0.440000 0.440000 0.047738
0.460000 0.440000 0.049838
0.480000 0.440000 0.051938
0.500000 0.440000 0.054038
0.520000 0.440000 0.056138
0.540000 0.440000 0.058238
0.560000 0.440000 0.060338
0.580000 0.440000 0.062438
0.600000 0.440000 0.064538
0.620000 0.440000 0.066638
0.640000 0.440000 0.068738
0.660000 0.440000 0.070838
0.680000 0.440000 0.072938
0.700000 0.440000 0.075038
0.720000 0.440000 0.077138
0.740000 0.440000 0.079238
0.760000 0.440000 0.081338
0.780000 0.440000 0.083438
0.800000 0.440000 0.085538
0.820000 0.440000 0.087638
0.840000 0.440000 0.089738
0.860000 0.440000 0.091837
0.880000 0.440000 0.093929
0.900000 0.440000 0.095980
0.920000 0.440000 0.097760
0.940000 0.440000 0.097787
0.960000 0.440000 0.086457
0.980000 0.440000 0.001538

0.000000 0.420000 0.001538
0.020000 0.420000 0.003638
0.040000 0.420000 0.005738
0.060000 0.420000 0.007838
0.080000 0.420000 0.009938
0.100000 0.420000 0.012038
0.120000 0.420000 0.014138
0.140000 0.420000 0.016238
0.160000 0.420000 0.018338
0.180000 0.420000 0.020438
0.200000 0.420000 0.022538
0.220000 0.420000 0.024638
0.240000 0.420000 0.026738
0.260000 0.420000 0.028838
0.280000 0.420000 0.030938
0.300000 0.420000 0.033038
0.320000 0.420000 0.035138
0.340000 0.420000 0.037238
0.360000 0.420000 0.039338
0.380000 0.420000 0.041438
0.400000 0.420000 0.043538
0.420000 0.420000 0.045638
0.440000 0.420000 0.047738
0.460000 0.420000 0.049838
0.480000 0.420000 0.051938
0.500000 0.420000 0.054038
0.520000 0.420000 0.056138
0.540000 0.420000 0.058238
0.560000 0.420000 0.060338
0.580000 0.420000 0.062438
0.600000 0.420000 0.064538
0.620000 0.420000 0.066638
0.640000 0.420000 0.068738
0.660000 0.420000 0.070838
0.680000 0.420000 0.072938
0.700000 0.420000 0.075038
0.720000 0.420000 0.077138
0.740000 0.420000 0.079238
0.760000 0.420000 0.081338
0.780000 0.420000 0.083438
0.800000 0.420000 0.085538
0.820000 0.420000 0.087638
0.840000 0.420000 0.089738
0.860000 0.420000 0.091837
0.880000 0.420000 0.093929
0.900000 0.420000 0.095980
0.920000 0.420000 0.097760
0.940000 0.420000 0.097787
0.960000 0.420000 0.086457
0.980000 0.420000 0.001538

0.000000 0.400000 0.001538
0.020000 0.400000 0.003638
0.040000 0.400000 0.005738
0.060000 0.400000 0.007838
0.080000 0.400000 0.009938
0.100000 0.400000 0.012038
0.120000 0.400000 0.014138
0.140000 0.400000 0.016238
0.160000 0.400000 0.018338
0.180000 0.400000 0.020438
0.200000 0.400000 0.022538
0.220000 0.400000 0.024638
0.240000 0.400000 0.026738
0.260000 0.400000 0.028838
0.280000 0.400000 0.030938
0.300000 0.400000 0.033038
0.320000 0.400000 0.035138
0.340000 0.400000 0.037238
0.360000 0.400000 0.039338
0.380000 0.400000 0.041438
0.400000 0.400000 0.043538
0.420000 0.400000 0.045638
0.440000 0.400000 0.047738
0.460000 0.400000 0.049838
0.480000 0.400000 0.051938
0.500000 0.400000 0.054038
0.520000 0.400000 0.056138
0.540000 0.400000 0.058238
0.560000 0.400000 0.060338
0.580000 0.400000 0.062438
0.600000 0.400000 0.064538
0.620000 0.400000 0.066638
0.640000 0.400000 0.068738
0.660000 0.400000 0.070838
0.680000 0.400000 0.072938
0.700000 0.400000 0.075038
0.720000 0.400000 0.077138
0.740000 0.400000 0.079238
0.760000 0.400000 0.081338
0.780000 0.400000 0.083438
0.800000 0.400000 0.085538
0.820000 0.400000 0.087638
0.840000 0.400000 0.089738
0.860000 0.400000 0.091837
0.880000 0.400000 0.093929
0.900000 0.400000 0.095980
0.920000 0.400000 0.097760
0.940000 0.400000 0.097787
0.960000 0.400000 0.086457
0.980000 0.400000 0.001538

0.000000 0.380000 0.001538
0.020000 0.380000 0.003638
0.040000 0.380000 0.005738
0.060000 0.380000 0.007838
0.080000 0.380000 0.009938
0.100000 0.380000 0.012038
0.120000 0.380000 0.014138
0.140000 0.380000 0.016238
0.160000 0.380000 0.018338
0.180000 0.380000 0.020438
0.200000 0.380000 0.022538
0.220000 0.380000 0.024638
0.240000 0.380000 0.026738
0.260000 0.380000 0.028838
0.280000 0.380000 0.030938
0.300000 0.380000 0.033038
0.320000 0.380000 0.035138
0.340000 0.380000 0.037238
0.360000 0.380000 0.039338
0.380000 0.380000 0.041438
0.400000 0.380000 0.043538
0.420000 0.380000 0.045638
0.440000 0.380000 0.047738
0.460000 0.380000 0.049838
0.480000 0.380000 0.051938
0.500000 0.380000 0.054038
0.520000 0.380000 0.056138
0.540000 0.380000 0.058238
0.560000 0.380000 0.060338
0.580000 0.380000 0.062438
0.600000 0.380000 0.064538
0.620000 0.380000 0.066638
0.640000 0.380000 0.068738
0.660000 0.380000 0.070838
0.680000 0.380000 0.072938
0.700000 0.380000 0.075038
0.720000 0.380000 0.077138
0.740000 0.380000 0.079238
0.760000 0.380000 0.081338
0.780000 0.380000 0.083438
0.800000 0.380000 0.085538
0.820000 0.380000 0.087638
0.840000 0.380000 0.089738
0.860000 0.380000 0.091837
0.880000 0.380000 0.093929
0.900000 0.380000 0.095980
0.920000 0.380000 0.097760
0.940000 0.380000 0.097788
0.960000 0.380000 0.086458
0.980000 0.380000 0.001538

0.000000 0.360000 0.001538
0.020000 0.360000 0.003638
0.040000 0.360000 0.005738
0.060000 0.360000 0.007838
0.080000 0.360000 0.009938
0.100000 0.360000 0.012038
0.120000 0.360000 0.014138
0.140000 0.360000 0.016238
0.160000 0.360000 0.018338
0.180000 0.360000 0.020438
0.200000 0.360000 0.022538
0.220000 0.360000 0.024638
0.240000 0.360000 0.026738
0.260000 0.360000 0.028838
0.280000 0.360000 0.030938
0.300000 0.360000 0.033038
0.320000 0.360000 0.035138
0.340000 0.360000 0.037238
0.360000 0.360000 0.039338
0.380000 0.360000 0.041438
0.400000 0.360000 0.043538
0.420000 0.360000 0.045638
0.440000 0.360000 0.047738
0.460000 0.360000 0.049838
0.480000 0.360000 0.051938
0.500000 0.360000 0.054038
0.520000 0.360000 0.056138
0.540000 0.360000 0.058238
0.560000 0.360000 0.060338
0.580000 0.360000 0.062438
0.600000 0.360000 0.064538
0.620000 0.360000 0.066638
0.640000 0.360000 0.068738
0.660000 0.360000 0.070838
0.680000 0.360000 0.072938
0.700000 0.360000 0.075038
0.720000 0.360000 0.077138
0.740000 0.360000 0.079238
0.760000 0.360000 0.081338
0.780000 0.360000 0.083438
0.800000 0.360000 0.085538
0.820000 0.360000 0.087638
0.840000 0.360000 0.089738
0.860000 0.360000 0.091837
0.880000 0.360000 0.093929
0.900000 0.360000 0.095980
0.920000 0.360000 0.097760
0.940000 0.360000 0.097788
0.960000 0.360000 0.086458
0.980000 0.360000 0.001538

0.000000 0.340000 0.001538
0.020000 0.340000 0.003638
0.040000 0.340000 0.005738
0.060000 0.340000 0.007838
0.080000 0.340000 0.009938
0.100000 0.340000 0.012038
0.120000 0.340000 0.014138
0.140000 0.340000 0.016238
0.160000 0.340000 0.018338
0.180000 0.340000 0.020438
0.200000 0.340000 0.022538
0.220000 0.340000 0.024638
0.240000 0.340000 0.026738
0.260000 0.340000 0.028838
0.280000 0.340000 0.030938
0.300000 0.340000 0.033038
0.320000 0.340000 0.035138
0.340000 0.340000 0.037238
0.360000 0.340000 0.039338
0.380000 0.340000 0.041438
0.400000 0.340000 0.043538
0.420000 0.340000 0.045638
0.440000 0.340000 0.047738
0.460000 0.340000 0.049838
0.480000 0.340000 0.051938
0.500000 0.340000 0.054038
0.520000 0.340000 0.056138
0.540000 0.340000 0.058238
0.560000 0.340000 0.060338
0.580000 0.340000 0.062438
0.600000 0.340000 0.064538
0.620000 0.340000 0.066638
0.640000 0.340000 0.068738
0.660000 0.340000 0.070838
0.680000 0.340000 0.072938
0.700000 0.340000 0.075038
0.720000 0.340000 0.077138
0.740000 0.340000 0.079238
0.760000 0.340000 0.081338
0.780000 0.340000 0.083439
0.800000 0.340000 0.085539
0.820000 0.340000 0.087639
0.840000 0.340000 0.089738
0.860000 0.340000 0.091837
0.880000 0.340000 0.093930
0.900000 0.340000 0.095980
0.920000 0.340000 0.097760
0.940000 0.340000 0.097788
0.960000 0.340000 0.086458
0.980000 0.340000 0.001538

0.000000 0.320000 0.001538
0.020000 0.320000 0.003638
0.040000 0.320000 0.005738
0.060000 0.320000 0.007838
0.080000 0.320000 0.009938
0.100000 0.320000 0.012038
0.120000 0.320000 0.014138
0.140000 0.320000 0.016238
0.160000 0.320000 0.018338
0.180000 0.320000 0.020438
0.200000 0.320000 0.022538
0.220000 0.320000 0.024638
0.240000 0.320000 0.026738
0.260000 0.320000 0.028838
0.280000 0.320000 0.030938
0.300000 0.320000 0.033038
0.320000 0.320000 0.035138
0.340000 0.320000 0.037238
0.360000 0.320000 0.039338
0.380000 0.320000 0.041438
0.400000 0.320000 0.043538
0.420000 0.320000 0.045638
0.440000 0.320000 0.047738
0.460000 0.320000 0.049838
0.480000 0.320000 0.051938
0.500000 0.320000 0.054038
0.520000 0.320000 0.056138
0.540000 0.320000 0.058238
0.560000 0.320000 0.060338
0.580000 0.320000 0.062438
0.600000 0.320000 0.064538
0.620000 0.320000 0.066638
0.640000 0.320000 0.068738
0.660000 0.320000 0.070838
0.680000 0.320000 0.072939
0.700000 0.320000 0.075039
0.720000 0.320000 0.077139
0.740000 0.320000 0.079239
0.760000 0.320000 0.081339
0.780000 0.320000 0.083439
0.800000 0.320000 0.085539
0.820000 0.320000 0.087639
0.840000 0.320000 0.089739
0.860000 0.320000 0.091837
0.880000 0.320000 0.093930
0.900000 0.320000 0.095981
0.920000 0.320000 0.097761
0.940000 0.320000 0.097788
0.960000 0.320000 0.086458
0.980000 0.320000 0.001538

0.000000 0.300000 0.001538
0.020000 0.300000 0.003638
0.040000 0.300000 0.005738
0.060000 0.300000 0.007838
0.080000 0.300000 0.009938
0.100000 0.300000 0.012038
0.120000 0.300000 0.014138
0.140000 0.300000 0.016238
0.160000 0.300000 0.018338
0.180000 0.300000 0.020438
0.200000 0.300000 0.022538
0.220000 0.300000 0.024638
0.240000 0.300000 0.026738
0.260000 0.300000 0.028838
0.280000 0.300000 0.030938
0.300000 0.300000 0.033038
0.320000 0.300000 0.035138
0.340000 0.300000 0.037238
0.360000 0.300000 0.039338
0.380000 0.300000 0.041438
0.400000 0.300000 0.043538
0.420000 0.300000 0.045638
0.440000 0.300000 0.047738
0.460000 0.300000 0.049838
0.480000 0.300000 0.051938
0.500000 0.300000 0.054038
0.520000 0.300000 0.056138
0.540000 0.300000 0.058238
0.560000 0.300000 0.060338
0.580000 0.300000 0.062439
0.600000 0.300000 0.064539
0.620000 0.300000 0.066639
0.640000 0.300000 0.068739
0.660000 0.300000 0.070839
0.680000 0.300000 0.072939
0.700000 0.300000 0.075039
0.720000 0.300000 0.077139
0.740000 0.300000 0.079239
0.760000 0.300000 0.081339
0.780000 0.300000 0.083439
0.800000 0.300000 0.085539
0.820000 0.300000 0.087639
0.840000 0.300000 0.089739
0.860000 0.300000 0.091838
0.880000 0.300000 0.093931
0.900000 0.300000 0.095982
0.920000 0.300000 0.097763
0.940000 0.300000 0.097790
0.960000 0.300000 0.086460
0.980000 0.300000 0.001538

0.000000 0.280000 0.001538
0.020000 0.280000 0.003638
0.040000 0.280000 0.005738
0.060000 0.280000 0.007838
0.080000 0.280000 0.009938
0.100000 0.280000 0.012038
0.120000 0.280000 0.014138
0.140000 0.280000 0.016238
0.160000 0.280000 0.018338
0.180000 0.280000 0.020438
0.200000 0.280000 0.022538
0.220000 0.280000 0.024638
0.240000 0.280000 0.026738
0.260000 0.280000 0.028838
0.280000 0.280000 0.030938
0.300000 0.280000 0.033038
0.320000 0.280000 0.035138
0.340000 0.280000 0.037238
0.360000 0.280000 0.039338
0.380000 0.280000 0.041438
0.400000 0.280000 0.043538
0.420000 0.280000 0.045638
0.440000 0.280000 0.047738
0.460000 0.280000 0.049838
0.480000 0.280000 0.051939
0.500000 0.280000 0.054039
0.520000 0.280000 0.056139
0.540000 0.280000 0.058239
0.560000 0.280000 0.060339
0.580000 0.280000 0.062439
0.600000 0.280000 0.064539
0.620000 0.280000 0.066639
0.640000 0.280000 0.068739
0.660000 0.280000 0.070839
0.680000 0.280000 0.072939
0.700000 0.280000 0.075039
0.720000 0.280000 0.077140
0.740000 0.280000 0.079240
0.760000 0.280000 0.081340
0.780000 0.280000 0.083441
0.800000 0.280000 0.085541
0.820000 0.280000 0.087642
0.840000 0.280000 0.089742
0.860000 0.280000 0.091842
0.880000 0.280000 0.093935
0.900000 0.280000 0.095987
0.920000 0.280000 0.097768
0.940000 0.280000 0.097796
0.960000 0.280000 0.086466
0.980000 0.280000 0.001538

0.000000 0.260000 0.001538
0.020000 0.260000 0.003638
0.040000 0.260000 0.005738
0.060000 0.260000 0.007838
0.080000 0.260000 0.009938
0.100000 0.260000 0.012038
0.120000 0.260000 0.014138
0.140000 0.260000 0.016238
0.160000 0.260000 0.018338
0.180000 0.260000 0.020438
0.200000 0.260000 0.022538
0.220000 0.260000 0.024638
0.240000 0.260000 0.026738
0.260000 0.260000 0.028838
0.280000 0.260000 0.030938
0.300000 0.260000 0.033038
0.320000 0.260000 0.035138
0.340000 0.260000 0.037238
0.360000 0.260000 0.039338
0.380000 0.260000 0.041438
0.400000 0.260000 0.043539
0.420000 0.260000 0.045639
0.440000 0.260000 0.047739
0.460000 0.260000 0.049839
0.480000 0.260000 0.051939
0.500000 0.260000 0.054039
0.520000 0.260000 0.056139
0.540000 0.260000 0.058239
0.560000 0.260000 0.060339
0.580000 0.260000 0.062439
0.600000 0.260000 0.064539
0.620000 0.260000 0.066640
0.640000 0.260000 0.068740
0.660000 0.260000 0.070841
0.680000 0.260000 0.072941
0.700000 0.260000 0.075042
0.720000 0.260000 0.077143
0.740000 0.260000 0.079243
0.760000 0.260000 0.081345
0.780000 0.260000 0.083446
0.800000 0.260000 0.085547
0.820000 0.260000 0.087649
0.840000 0.260000 0.089751
0.860000 0.260000 0.091852
0.880000 0.260000 0.093947
0.900000 0.260000 0.096001
0.920000 0.260000 0.097784
0.940000 0.260000 0.097815
0.960000 0.260000 0.086484
0.980000 0.260000 0.001538

0.000000 0.240000 0.001538
0.020000 0.240000 0.003638
0.040000 0.240000 0.005738
0.060000 0.240000 0.007838
0.080000 0.240000 0.009938
0.100000 0.240000 0.012038
0.120000 0.240000 0.014138
0.140000 0.240000 0.016238
0.160000 0.240000 0.018338
0.180000 0.240000 0.020438
0.200000 0.240000 0.022538
0.220000 0.240000 0.024638
0.240000 0.240000 0.026738
0.260000 0.240000 0.028838
0.280000 0.240000 0.030938
0.300000 0.240000 0.033038
0.320000 0.240000 0.035139
0.340000 0.240000 0.037239
0.360000 0.240000 0.039339
0.380000 0.240000 0.041439
0.400000 0.240000 0.043539
0.420000 0.240000 0.045639
0.440000 0.240000 0.047739
0.460000 0.240000 0.049839
0.480000 0.240000 0.051939
0.500000 0.240000 0.054040
0.520000 0.240000 0.056140
0.540000 0.240000 0.058240
0.560000 0.240000 0.060341
0.580000 0.240000 0.062442
0.600000 0.240000 0.064542
0.620000 0.240000 0.066643
0.640000 0.240000 0.068745
0.660000 0.240000 0.070846
0.680000 0.240000 0.072948
0.700000 0.240000 0.075050
0.720000 0.240000 0.077153
0.740000 0.240000 0.079256
0.760000 0.240000 0.081359
0.780000 0.240000 0.083463
0.800000 0.240000 0.085568
0.820000 0.240000 0.087673
0.840000 0.240000 0.089779
0.860000 0.240000 0.091884
0.880000 0.240000 0.093985
0.900000 0.240000 0.096044
0.920000 0.240000 0.097833
0.940000 0.240000 0.097869
0.960000 0.240000 0.086535
0.980000 0.240000 0.001538

0.000000 0.220000 0.001538
0.020000 0.220000 0.003638
0.040000 0.220000 0.005738
0.060000 0.220000 0.007838
0.080000 0.220000 0.009938
0.100000 0.220000 0.012038
0.120000 0.220000 0.014138
0.140000 0.220000 0.016238
0.160000 0.220000 0.018338
0.180000 0.220000 0.020438
0.200000 0.220000 0.022538
0.220000 0.220000 0.024638
0.240000 0.220000 0.026738
0.260000 0.220000 0.028839
0.280000 0.220000 0.030939
0.300000 0.220000 0.033039
0.320000 0.220000 0.035139
0.340000 0.220000 0.037239
0.360000 0.220000 0.039339
0.380000 0.220000 0.041439
0.400000 0.220000 0.043539
0.420000 0.220000 0.045640
0.440000 0.220000 0.047740
0.460000 0.220000 0.049841
0.480000 0.220000 0.051942
0.500000 0.220000 0.054043
0.520000 0.220000 0.056144
0.540000 0.220000 0.058246
0.560000 0.220000 0.060348
0.580000 0.220000 0.062450
0.600000 0.220000 0.064553
0.620000 0.220000 0.066657
0.640000 0.220000 0.068761
0.660000 0.220000 0.070866
0.680000 0.220000 0.072971
0.700000 0.220000 0.075078
0.720000 0.220000 0.077186
0.740000 0.220000 0.079295
0.760000 0.220000 0.081405
0.780000 0.220000 0.083517
0.800000 0.220000 0.085631
0.820000 0.220000 0.087746
0.840000 0.220000 0.089863
0.860000 0.220000 0.091981
0.880000 0.220000 0.094094
0.900000 0.220000 0.096169
0.920000 0.220000 0.097974
0.940000 0.220000 0.098022
0.960000 0.220000 0.086680
0.980000 0.220000 0.001538

0.000000 0.200000 0.001538
0.020000 0.200000 0.003638
0.040000 0.200000 0.005738
0.060000 0.200000 0.007838
0.080000 0.200000 0.009938
0.100000 0.200000 0.012038
0.120000 0.200000 0.014138
0.140000 0.200000 0.016238
0.160000 0.200000 0.018338
0.180000 0.200000 0.020439
0.200000 0.200000 0.022539
0.220000 0.200000 0.024639
0.240000 0.200000 0.026739
0.260000 0.200000 0.028839
0.280000 0.200000 0.030939
0.300000 0.200000 0.033039
0.320000 0.200000 0.035140
0.340000 0.200000 0.037240
0.360000 0.200000 0.039341
0.380000 0.200000 0.041442
0.400000 0.200000 0.043543
0.420000 0.200000 0.045644
0.440000 0.200000 0.047746
0.460000 0.200000 0.049849
0.480000 0.200000 0.051952
0.500000 0.200000 0.054056
0.520000 0.200000 0.056160
0.540000 0.200000 0.058266
0.560000 0.200000 0.060373
0.580000 0.200000 0.062481
0.600000 0.200000 0.064590
0.620000 0.200000 0.066702
0.640000 0.200000 0.068815
0.660000 0.200000 0.070930
0.680000 0.200000 0.073048
0.700000 0.200000 0.075169
0.720000 0.200000 0.077292
0.740000 0.200000 0.079418
0.760000 0.200000 0.081548
0.780000 0.200000 0.083681
0.800000 0.200000 0.085818
0.820000 0.200000 0.087960
0.840000 0.200000 0.090106
0.860000 0.200000 0.092255
0.880000 0.200000 0.094403
0.900000 0.200000 0.096515
0.920000 0.200000 0.098358
0.940000 0.200000 0.098438
0.960000 0.200000 0.087067
0.980000 0.200000 0.001538

0.000000 0.180000 0.001538
0.020000 0.180000 0.003638
0.040000 0.180000 0.005738
0.060000 0.180000 0.007838
0.080000 0.180000 0.009938
0.100000 0.180000 0.012038
0.120000 0.180000 0.014138
0.140000 0.180000 0.016239
0.160000 0.180000 0.018339
0.180000 0.180000 0.020439
0.200000 0.180000 0.022539
0.220000 0.180000 0.024639
0.240000 0.180000 0.026739
0.260000 0.180000 0.028840
0.280000 0.180000 0.030941
0.300000 0.180000 0.033042
0.320000 0.180000 0.035144
0.340000 0.180000 0.037246
0.360000 0.180000 0.039348
0.380000 0.180000 0.041452
0.400000 0.180000 0.043557
0.420000 0.180000 0.045662
0.440000 0.180000 0.047770
0.460000 0.180000 0.049879
0.480000 0.180000 0.051990
0.500000 0.180000 0.054103
0.520000 0.180000 0.056219
0.540000 0.180000 0.058338
0.560000 0.180000 0.060460
0.580000 0.180000 0.062586
0.600000 0.180000 0.064717
0.620000 0.180000 0.066852
0.640000 0.180000 0.068992
0.660000 0.180000 0.071138
0.680000 0.180000 0.073290
0.700000 0.180000 0.075448
0.720000 0.180000 0.077613
0.740000 0.180000 0.079786
0.760000 0.180000 0.081967
0.780000 0.180000 0.084156
0.800000 0.180000 0.086354
0.820000 0.180000 0.088562
0.840000 0.180000 0.090779
0.860000 0.180000 0.093005
0.880000 0.180000 0.095235
0.900000 0.180000 0.097433
0.920000 0.180000 0.099364
0.940000 0.180000 0.099512
0.960000 0.180000 0.088060
0.980000 0.180000 0.001538

0.000000 0.160000 0.001538
0.020000 0.160000 0.003638
0.040000 0.160000 0.005738
0.060000 0.160000 0.007838
0.080000 0.160000 0.009939
0.100000 0.160000 0.012039
0.120000 0.160000 0.014139
0.140000 0.160000 0.016239
0.160000 0.160000 0.018339
0.180000 0.160000 0.020440
0.200000 0.160000 0.022541
0.220000 0.160000 0.024642
0.240000 0.160000 0.026744
0.260000 0.160000 0.028846
0.280000 0.160000 0.030950
0.300000 0.160000 0.033055
0.320000 0.160000 0.035161
0.340000 0.160000 0.037270
0.360000 0.160000 0.039381
0.380000 0.160000 0.041495
0.400000 0.160000 0.043612
0.420000 0.160000 0.045733
0.440000 0.160000 0.047859
0.460000 0.160000 0.049991
0.480000 0.160000 0.052128
0.500000 0.160000 0.054273
0.520000 0.160000 0.056424
0.540000 0.160000 0.058585
0.560000 0.160000 0.060754
0.580000 0.160000 0.062934
0.600000 0.160000 0.065124
0.620000 0.160000 0.067327
0.640000 0.160000 0.069542
0.660000 0.160000 0.071770
0.680000 0.160000 0.074013
0.700000 0.160000 0.076271
0.720000 0.160000 0.078544
0.740000 0.160000 0.080834
0.760000 0.160000 0.083141
0.780000 0.160000 0.085466
0.800000 0.160000 0.087809
0.820000 0.160000 0.090170
0.840000 0.160000 0.092551
0.860000 0.160000 0.094949
0.880000 0.160000 0.097361
0.900000 0.160000 0.099747
0.920000 0.160000 0.101866
0.940000 0.160000 0.102148
0.960000 0.160000 0.090475
0.980000 0.160000 0.001538

0.000000 0.140000 0.001538
0.020000 0.140000 0.003638
0.040000 0.140000 0.005738
0.060000 0.140000 0.007839
0.080000 0.140000 0.009939
0.100000 0.140000 0.012039
0.120000 0.140000 0.014140
0.140000 0.140000 0.016241
0.160000 0.140000 0.018342
0.180000 0.140000 0.020445
0.200000 0.140000 0.022549
0.220000 0.140000 0.024655
0.240000 0.140000 0.026764
0.260000 0.140000 0.028875
0.280000 0.140000 0.030991
0.300000 0.140000 0.033111
0.320000 0.140000 0.035238
0.340000 0.140000 0.037371
0.360000 0.140000 0.039513
0.380000 0.140000 0.041664
0.400000 0.140000 0.043826
0.420000 0.140000 0.046000
0.440000 0.140000 0.048188
0.460000 0.140000 0.050391
0.480000 0.140000 0.052612
0.500000 0.140000 0.054851
0.520000 0.140000 0.057109
0.540000 0.140000 0.059390
0.560000 0.140000 0.061693
0.580000 0.140000 0.064020
0.600000 0.140000 0.066374
0.620000 0.140000 0.068754
0.640000 0.140000 0.071163
0.660000 0.140000 0.073601
0.680000 0.140000 0.076069
0.700000 0.140000 0.078568
0.720000 0.140000 0.081098
0.740000 0.140000 0.083661
0.760000 0.140000 0.086256
0.780000 0.140000 0.088884
0.800000 0.140000 0.091544
0.820000 0.140000 0.094237
0.840000 0.140000 0.096962
0.860000 0.140000 0.099717
0.880000 0.140000 0.102495
0.900000 0.140000 0.105255
0.920000 0.140000 0.107735
0.940000 0.140000 0.108254
0.960000 0.140000 0.096012
0.980000 0.140000 0.001538

0.000000 0.120000 0.001538
0.020000 0.120000 0.003639
0.040000 0.120000 0.005739
0.060000 0.120000 0.007839
0.080000 0.120000 0.009940
0.100000 0.120000 0.012042
0.120000 0.120000 0.014146
0.140000 0.120000 0.016252
0.160000 0.120000 0.018361
0.180000 0.120000 0.020474
0.200000 0.120000 0.022594
0.220000 0.120000 0.024722
0.240000 0.120000 0.026859
0.260000 0.120000 0.029008
0.280000 0.120000 0.031172
0.300000 0.120000 0.033353
0.320000 0.120000 0.035553
0.340000 0.120000 0.037775
0.360000 0.120000 0.040024
0.380000 0.120000 0.042300
0.400000 0.120000 0.044608
0.420000 0.120000 0.046950
0.440000 0.120000 0.049329
0.460000 0.120000 0.051748
0.480000 0.120000 0.054209
0.500000 0.120000 0.056715
0.520000 0.120000 0.059269
0.540000 0.120000 0.061871
0.560000 0.120000 0.064525
0.580000 0.120000 0.067231
0.600000 0.120000 0.069990
0.620000 0.120000 0.072804
0.640000 0.120000 0.075673
0.660000 0.120000 0.078597
0.680000 0.120000 0.081576
0.700000 0.120000 0.084610
0.720000 0.120000 0.087698
0.740000 0.120000 0.090839
0.760000 0.120000 0.094030
0.780000 0.120000 0.097272
0.800000 0.120000 0.100560
0.820000 0.120000 0.103894
0.840000 0.120000 0.107269
0.860000 0.120000 0.110681
0.880000 0.120000 0.114120
0.900000 0.120000 0.117537
0.920000 0.120000 0.120628
0.940000 0.120000 0.121483
0.960000 0.120000 0.107880
0.980000 0.120000 0.001538

0.000000 0.100000 0.001538
0.020000 0.100000 0.003639
0.040000 0.100000 0.005740
0.060000 0.100000 0.007843
0.080000 0.100000 0.009950
0.100000 0.100000 0.012062
0.120000 0.100000 0.014181
0.140000 0.100000 0.016312
0.160000 0.100000 0.018458
0.180000 0.100000 0.020624
0.200000 0.100000 0.022814
0.220000 0.100000 0.025034
0.240000 0.100000 0.027289
0.260000 0.100000 0.029586
0.280000 0.100000 0.031930
0.300000 0.100000 0.034327
0.320000 0.100000 0.036783
0.340000 0.100000 0.039304
0.360000 0.100000 0.041896
0.380000 0.100000 0.044562
0.400000 0.100000 0.047309
0.420000 0.100000 0.050140
0.440000 0.100000 0.053058
0.460000 0.100000 0.056068
0.480000 0.100000 0.059170
0.500000 0.100000 0.062368
0.520000 0.100000 0.065661
0.540000 0.100000 0.069051
0.560000 0.100000 0.072537
0.580000 0.100000 0.076117
0.600000 0.100000 0.079791
0.620000 0.100000 0.083556
0.640000 0.100000 0.087409
0.660000 0.100000 0.091346
0.680000 0.100000 0.095362
0.700000 0.100000 0.099454
0.720000 0.100000 0.103614
0.740000 0.100000 0.107838
0.760000 0.100000 0.112117
0.780000 0.100000 0.116447
0.800000 0.100000 0.120818
0.820000 0.100000 0.125223
0.840000 0.100000 0.129653
0.860000 0.100000 0.134099
0.880000 0.100000 0.138543
0.900000 0.100000 0.142918
0.920000 0.100000 0.146849
0.940000 0.100000 0.147990
0.960000 0.100000 0.131385
0.980000 0.100000 0.001538

0.000000 0.080000 0.001538
0.020000 0.080000 0.003642
0.040000 0.080000 0.005751
0.060000 0.080000 0.007872
0.080000 0.080000 0.010012
0.100000 0.080000 0.012179
0.120000 0.080000 0.014385
0.140000 0.080000 0.016642
0.160000 0.080000 0.018961
0.180000 0.080000 0.021356
0.200000 0.080000 0.023840
0.220000 0.080000 0.026426
0.240000 0.080000 0.029126
0.260000 0.080000 0.031953
0.280000 0.080000 0.034917
0.300000 0.080000 0.038028
0.320000 0.080000 0.041294
0.340000 0.080000 0.044721
0.360000 0.080000 0.048316
0.380000 0.080000 0.052083
0.400000 0.080000 0.056023
0.420000 0.080000 0.060137
0.440000 0.080000 0.064426
0.460000 0.080000 0.068886
0.480000 0.080000 0.073514
0.500000 0.080000 0.078305
0.520000 0.080000 0.083251
0.540000 0.080000 0.088347
0.560000 0.080000 0.093581
0.580000 0.080000 0.098945
0.600000 0.080000 0.104426
0.620000 0.080000 0.110013
0.640000 0.080000 0.115692
0.660000 0.080000 0.121450
0.680000 0.080000 0.127271
0.700000 0.080000 0.133141
0.720000 0.080000 0.139043
0.740000 0.080000 0.144962
0.760000 0.080000 0.150880
0.780000 0.080000 0.156780
0.800000 0.080000 0.162646
0.820000 0.080000 0.168460
0.840000 0.080000 0.174205
0.860000 0.080000 0.179863
0.880000 0.080000 0.185403
0.900000 0.080000 0.190736
0.920000 0.080000 0.195365
0.940000 0.080000 0.196205
0.960000 0.080000 0.173565
0.980000 0.080000 0.001539

0.000000 0.060000 0.001539
0.020000 0.060000 0.003663
0.040000 0.060000 0.005830
0.060000 0.060000 0.008066
0.080000 0.060000 0.010404
0.100000 0.060000 0.012875
0.120000 0.060000 0.015513
0.140000 0.060000 0.018351
0.160000 0.060000 0.021418
0.180000 0.060000 0.024742
0.200000 0.060000 0.028346
0.220000 0.060000 0.032248
0.240000 0.060000 0.036464
0.260000 0.060000 0.041005
0.280000 0.060000 0.045878
0.300000 0.060000 0.051084
0.320000 0.060000 0.056624
0.340000 0.060000 0.062491
0.360000 0.060000 0.068677
0.380000 0.060000 0.075171
0.400000 0.060000 0.081958
0.420000 0.060000 0.089020
0.440000 0.060000 0.096338
0.460000 0.060000 0.103890
0.480000 0.060000 0.111651
0.500000 0.060000 0.119596
0.520000 0.060000 0.127697
0.540000 0.060000 0.135927
0.560000 0.060000 0.144254
0.580000 0.060000 0.152650
0.600000 0.060000 0.161082
0.620000 0.060000 0.169518
0.640000 0.060000 0.177928
0.660000 0.060000 0.186279
0.680000 0.060000 0.194538
0.700000 0.060000 0.202674
0.720000 0.060000 0.210656
0.740000 0.060000 0.218452
0.760000 0.060000 0.226033
0.780000 0.060000 0.233369
0.800000 0.060000 0.240431
0.820000 0.060000 0.247192
0.840000 0.060000 0.253626
0.860000 0.060000 0.259705
0.880000 0.060000 0.265391
0.900000 0.060000 0.270563
0.920000 0.060000 0.274561
0.940000 0.060000 0.273226
0.960000 0.060000 0.239779
0.980000 0.060000 0.001541

0.000000 0.040000 0.001544
0.020000 0.040000 0.003846
0.040000 0.040000 0.006424
0.060000 0.040000 0.009384
0.080000 0.040000 0.012821
0.100000 0.040000 0.016813
0.120000 0.040000 0.021422
0.140000 0.040000 0.026690
0.160000 0.040000 0.032644
0.180000 0.040000 0.039298
0.200000 0.040000 0.046650
0.220000 0.040000 0.054689
0.240000 0.040000 0.063392
0.260000 0.040000 0.072729
0.280000 0.040000 0.082663
0.300000 0.040000 0.093149
0.320000 0.040000 0.104140
0.340000 0.040000 0.115583
0.360000 0.040000 0.127421
0.380000 0.040000 0.139597
0.400000 0.040000 0.152050
0.420000 0.040000 0.164719
0.440000 0.040000 0.177539
0.460000 0.040000 0.190449
0.480000 0.040000 0.203384
0.500000 0.040000 0.216281
0.520000 0.040000 0.229077
0.540000 0.040000 0.241710
0.560000 0.040000 0.254120
0.580000 0.040000 0.266247
0.600000 0.040000 0.278033
0.620000 0.040000 0.289421
0.640000 0.040000 0.300359
0.660000 0.040000 0.310795
0.680000 0.040000 0.320678
0.700000 0.040000 0.329964
0.720000 0.040000 0.338608
0.740000 0.040000 0.346569
0.760000 0.040000 0.353810
0.780000 0.040000 0.360296
0.800000 0.040000 0.365998
0.820000 0.040000 0.370886
0.840000 0.040000 0.374937
0.860000 0.040000 0.378127
0.880000 0.040000 0.380423
0.900000 0.040000 0.381687
0.920000 0.040000 0.381104
0.940000 0.040000 0.373343
0.960000 0.040000 0.323395
0.980000 0.040000 0.001576

0.000000 0.020000 0.001645
0.020000 0.020000 0.005481
0.040000 0.020000 0.010903
0.060000 0.020000 0.018063
0.080000 0.020000 0.027007
0.100000 0.020000 0.037703
0.120000 0.020000 0.050073
0.140000 0.020000 0.064005
0.160000 0.020000 0.079365
0.180000 0.020000 0.096009
0.200000 0.020000 0.113784
0.220000 0.020000 0.132534
0.240000 0.020000 0.152105
0.260000 0.020000 0.172342
0.280000 0.020000 0.193092
0.300000 0.020000 0.214208
0.320000 0.020000 0.235545
0.340000 0.020000 0.256963
0.360000 0.020000 0.278327
0.380000 0.020000 0.299504
0.400000 0.020000 0.320370
0.420000 0.020000 0.340803
0.440000 0.020000 0.360687
0.460000 0.020000 0.379912
0.480000 0.020000 0.398373
0.500000 0.020000 0.415969
0.520000 0.020000 0.432608
0.540000 0.020000 0.448201
0.560000 0.020000 0.462667
0.580000 0.020000 0.475929
0.600000 0.020000 0.487918
0.620000 0.020000 0.498572
0.640000 0.020000 0.507834
0.660000 0.020000 0.515654
0.680000 0.020000 0.521989
0.700000 0.020000 0.526803
0.720000 0.020000 0.530066
0.740000 0.020000 0.531757
0.760000 0.020000 0.531860
0.780000 0.020000 0.530366
0.800000 0.020000 0.527274
0.820000 0.020000 0.522590
0.840000 0.020000 0.516324
0.860000 0.020000 0.508493
0.880000 0.020000 0.499104
0.900000 0.020000 0.488065
0.920000 0.020000 0.474564
0.940000 0.020000 0.452875
0.960000 0.020000 0.383852
0.980000 0.020000 0.001981

0.000000 0.000000 0.003917
0.020000 0.000000 0.020892
0.040000 0.000000 0.043995
0.060000 0.000000 0.071837
0.080000 0.000000 0.103318
0.100000 0.000000 0.137553
0.120000 0.000000 0.173820
0.140000 0.000000 0.211519
0.160000 0.000000 0.250146
0.180000 0.000000 0.289267
0.200000 0.000000 0.328506
0.220000 0.000000 0.367532
0.240000 0.000000 0.406049
0.260000 0.000000 0.443788
0.280000 0.000000 0.480509
0.300000 0.000000 0.515988
0.320000 0.000000 0.550021
0.340000 0.000000 0.582421
0.360000 0.000000 0.613016
0.380000 0.000000 0.641645
0.400000 0.000000 0.668165
0.420000 0.000000 0.692441
0.440000 0.000000 0.714355
0.460000 0.000000 0.733799
0.480000 0.000000 0.750678
0.500000 0.000000 0.764909
0.520000 0.000000 0.776421
0.540000 0.000000 0.785157
0.560000 0.000000 0.791071
0.580000 0.000000 0.794130
0.600000 0.000000 0.794311
0.620000 0.000000 0.791608
0.640000 0.000000 0.786021
0.660000 0.000000 0.777569
0.680000 0.000000 0.766276
0.700000 0.000000 0.752183
0.720000 0.000000 0.735341
0.740000 0.000000 0.715810
0.760000 0.000000 0.693665
0.780000 0.000000 0.668988
0.800000 0.000000 0.641873
0.820000 0.000000 0.612425
0.840000 0.000000 0.580755
0.860000 0.000000 0.546986
0.880000 0.000000 0.511239
0.900000 0.000000 0.473584
0.920000 0.000000 0.433681
0.940000 0.000000 0.388116
0.960000 0.000000 0.310706
0.980000 0.000000 0.004781

