0.000000 0.980000 0.000000
0.020000 0.980000 0.000000
0.040000 0.980000 0.000000
0.060000 0.980000 0.000000
0.080000 0.980000 0.000000
0.100000 0.980000 0.000000
0.120000 0.980000 0.000000
0.140000 0.980000 0.000000
0.160000 0.980000 0.000000
0.180000 0.980000 0.000000
0.200000 0.980000 0.000000
0.220000 0.980000 0.000000
0.240000 0.980000 0.000000
0.260000 0.980000 0.000000
0.280000 0.980000 0.000000
0.300000 0.980000 0.000000
0.320000 0.980000 0.000000
0.340000 0.980000 0.000000
0.360000 0.980000 0.000001
0.380000 0.980000 0.000001
0.400000 0.980000 0.000001
0.420000 0.980000 0.000001
0.440000 0.980000 0.000002
0.460000 0.980000 0.000002
0.480000 0.980000 0.000002
0.500000 0.980000 0.000003
0.520000 0.980000 0.000004
0.540000 0.980000 0.000005
0.560000 0.980000 0.000006
0.580000 0.980000 0.000007
0.600000 0.980000 0.000009
0.620000 0.980000 0.000010
0.640000 0.980000 0.000012
0.660000 0.980000 0.000015
0.680000 0.980000 0.000017
0.700000 0.980000 0.000020
0.720000 0.980000 0.000024
0.740000 0.980000 0.000028
0.760000 0.980000 0.000032
0.780000 0.980000 0.000037
0.800000 0.980000 0.000043
0.820000 0.980000 0.000049
0.840000 0.980000 0.000055
0.860000 0.980000 0.000061
0.880000 0.980000 0.000068
0.900000 0.980000 0.000073
0.920000 0.980000 0.000074
0.940000 0.980000 0.000069
0.960000 0.980000 0.000049
0.980000 0.980000 0.000000

0.000000 0.960000 0.000000
0.020000 0.960000 0.000000
0.040000 0.960000 0.000000
0.060000 0.960000 0.000000
0.080000 0.960000 0.000000
0.100000 0.960000 0.000000
0.120000 0.960000 0.000000
0.140000 0.960000 0.000000
0.160000 0.960000 0.000000
0.180000 0.960000 0.000000
0.200000 0.960000 0.000000
0.220000 0.960000 0.000000
0.240000 0.960000 0.000000
0.260000 0.960000 0.000000
0.280000 0.960000 0.000000
0.300000 0.960000 0.000001
0.320000 0.960000 0.000001
0.340000 0.960000 0.000001
0.360000 0.960000 0.000001
0.380000 0.960000 0.000002
0.400000 0.960000 0.000002
0.420000 0.960000 0.000003
0.440000 0.960000 0.000004
0.460000 0.960000 0.000005
0.480000 0.960000 0.000006
0.500000 0.960000 0.000008
0.520000 0.960000 0.000010
0.540000 0.960000 0.000012
0.560000 0.960000 0.000015
0.580000 0.960000 0.000018
0.600000 0.960000 0.000022
0.620000 0.960000 0.000026
0.640000 0.960000 0.000031
0.660000 0.960000 0.000037
0.680000 0.960000 0.000044
0.700000 0.960000 0.000052
0.720000 0.960000 0.000060
0.740000 0.960000 0.000070
0.760000 0.960000 0.000082
0.780000 0.960000 0.000094
0.800000 0.960000 0.000108
0.820000 0.960000 0.000123
0.840000 0.960000 0.000139
0.860000 0.960000 0.000155
0.880000 0.960000 0.000171
0.900000 0.960000 0.000183
0.920000 0.960000 0.000187
0.940000 0.960000 0.000173
0.960000 0.960000 0.000123
0.980000 0.960000 0.000000

0.000000 0.940000 0.000000
0.020000 0.940000 0.000000
0.040000 0.940000 0.000000
0.060000 0.940000 0.000000
0.080000 0.940000 0.000000
0.100000 0.940000 0.000000
0.120000 0.940000 0.000000
0.140000 0.940000 0.000000
0.160000 0.940000 0.000000
0.180000 0.940000 0.000000
0.200000 0.940000 0.000000
0.220000 0.940000 0.000000
0.240000 0.940000 0.000000
0.260000 0.940000 0.000000
0.280000 0.940000 0.000001
0.300000 0.940000 0.000001
0.320000 0.940000 0.000001
0.340000 0.940000 0.000002
0.360000 0.940000 0.000002
0.380000 0.940000 0.000003
0.400000 0.940000 0.000004
0.420000 0.940000 0.000005
0.440000 0.940000 0.000007
0.460000 0.940000 0.000008
0.480000 0.940000 0.000011
0.500000 0.940000 0.000013
0.520000 0.940000 0.000016
0.540000 0.940000 0.000020
0.560000 0.940000 0.000025
0.580000 0.940000 0.000030
0.600000 0.940000 0.000037
0.620000 0.940000 0.000044
0.640000 0.940000 0.000052
0.660000 0.940000 0.000062
0.680000 0.940000 0.000074
0.700000 0.940000 0.000087
0.720000 0.940000 0.000101
0.740000 0.940000 0.000118
0.760000 0.940000 0.000136
0.780000 0.940000 0.000157
0.800000 0.940000 0.000180
0.820000 0.940000 0.000205
0.840000 0.940000 0.000231
0.860000 0.940000 0.000258
0.880000 0.940000 0.000284
0.900000 0.940000 0.000304
0.920000 0.940000 0.000310
0.940000 0.940000 0.000287
0.960000 0.940000 0.000203
0.980000 0.940000 0.000000

0.000000 0.920000 0.000000
0.020000 0.920000 0.000000
0.040000 0.920000 0.000000
0.060000 0.920000 0.000000
0.080000 0.920000 0.000000
0.100000 0.920000 0.000000
0.120000 0.920000 0.000000
0.140000 0.920000 0.000000
0.160000 0.920000 0.000000
0.180000 0.920000 0.000000
0.200000 0.920000 0.000000
0.220000 0.920000 0.000000
0.240000 0.920000 0.000001
0.260000 0.920000 0.000001
0.280000 0.920000 0.000001
0.300000 0.920000 0.000001
0.320000 0.920000 0.000002
0.340000 0.920000 0.000003
0.360000 0.920000 0.000004
0.380000 0.920000 0.000005
0.400000 0.920000 0.000006
0.420000 0.920000 0.000008
0.440000 0.920000 0.000010
0.460000 0.920000 0.000013
0.480000 0.920000 0.000016
0.500000 0.920000 0.000020
0.520000 0.920000 0.000025
0.540000 0.920000 0.000030
0.560000 0.920000 0.000037
0.580000 0.920000 0.000045
0.600000 0.920000 0.000054
0.620000 0.920000 0.000065
0.640000 0.920000 0.000078
0.660000 0.920000 0.000092
0.680000 0.920000 0.000109
0.700000 0.920000 0.000128
0.720000 0.920000 0.000149
0.740000 0.920000 0.000173
0.760000 0.920000 0.000200
0.780000 0.920000 0.000230
0.800000 0.920000 0.000263
0.820000 0.920000 0.000299
0.840000 0.920000 0.000337
0.860000 0.920000 0.000376
0.880000 0.920000 0.000413
0.900000 0.920000 0.000442
0.920000 0.920000 0.000451
0.940000 0.920000 0.000417
0.960000 0.920000 0.000295
0.980000 0.920000 0.000000

0.000000 0.900000 0.000000
0.020000 0.900000 0.000000
0.040000 0.900000 0.000000
0.060000 0.900000 0.000000
0.080000 0.900000 0.000000
0.100000 0.900000 0.000000
0.120000 0.900000 0.000000
0.140000 0.900000 0.000000
0.160000 0.900000 0.000000
0.180000 0.900000 0.000000
0.200000 0.900000 0.000000
0.220000 0.900000 0.000001
0.240000 0.900000 0.000001
0.260000 0.900000 0.000001
0.280000 0.900000 0.000002
0.300000 0.900000 0.000002
0.320000 0.900000 0.000003
0.340000 0.900000 0.000004
0.360000 0.900000 0.000005
0.380000 0.900000 0.000007
0.400000 0.900000 0.000009
0.420000 0.900000 0.000011
0.440000 0.900000 0.000014
0.460000 0.900000 0.000018
0.480000 0.900000 0.000023
0.500000 0.900000 0.000028
0.520000 0.900000 0.000035
0.540000 0.900000 0.000043
0.560000 0.900000 0.000052
0.580000 0.900000 0.000063
0.600000 0.900000 0.000076
0.620000 0.900000 0.000091
0.640000 0.900000 0.000109
0.660000 0.900000 0.000129
0.680000 0.900000 0.000152
0.700000 0.900000 0.000177
0.720000 0.900000 0.000207
0.740000 0.900000 0.000240
0.760000 0.900000 0.000277
0.780000 0.900000 0.000317
0.800000 0.900000 0.000362
0.820000 0.900000 0.000411
0.840000 0.900000 0.000463
0.860000 0.900000 0.000516
0.880000 0.900000 0.000566
0.900000 0.900000 0.000605
0.920000 0.900000 0.000616
0.940000 0.900000 0.000569
0.960000 0.900000 0.000403
0.980000 0.900000 0.000000

0.000000 0.880000 0.000000
0.020000 0.880000 0.000000
0.040000 0.880000 0.000000
0.060000 0.880000 0.000000
0.080000 0.880000 0.000000
0.100000 0.880000 0.000000
0.120000 0.880000 0.000000
0.140000 0.880000 0.000000
0.160000 0.880000 0.000000
0.180000 0.880000 0.000000
0.200000 0.880000 0.000001
0.220000 0.880000 0.000001
0.240000 0.880000 0.000001
0.260000 0.880000 0.000002
0.280000 0.880000 0.000002
0.300000 0.880000 0.000003
0.320000 0.880000 0.000004
0.340000 0.880000 0.000005
0.360000 0.880000 0.000007
0.380000 0.880000 0.000009
0.400000 0.880000 0.000012
0.420000 0.880000 0.000016
0.440000 0.880000 0.000020
0.460000 0.880000 0.000025
0.480000 0.880000 0.000031
0.500000 0.880000 0.000039
0.520000 0.880000 0.000048
0.540000 0.880000 0.000059
0.560000 0.880000 0.000072
0.580000 0.880000 0.000087
0.600000 0.880000 0.000104
0.620000 0.880000 0.000125
0.640000 0.880000 0.000148
0.660000 0.880000 0.000175
0.680000 0.880000 0.000205
0.700000 0.880000 0.000240
0.720000 0.880000 0.000279
0.740000 0.880000 0.000322
0.760000 0.880000 0.000371
0.780000 0.880000 0.000425
0.800000 0.880000 0.000484
0.820000 0.880000 0.000548
0.840000 0.880000 0.000616
0.860000 0.880000 0.000685
0.880000 0.880000 0.000750
0.900000 0.880000 0.000801
0.920000 0.880000 0.000815
0.940000 0.880000 0.000753
0.960000 0.880000 0.000533
0.980000 0.880000 0.000000

0.000000 0.860000 0.000000
0.020000 0.860000 0.000000
0.040000 0.860000 0.000000
0.060000 0.860000 0.000000
0.080000 0.860000 0.000000
0.100000 0.860000 0.000000
0.120000 0.860000 0.000000
0.140000 0.860000 0.000000
0.160000 0.860000 0.000000
0.180000 0.860000 0.000001
0.200000 0.860000 0.000001
0.220000 0.860000 0.000001
0.240000 0.860000 0.000002
0.260000 0.860000 0.000002
0.280000 0.860000 0.000003
0.300000 0.860000 0.000004
0.320000 0.860000 0.000006
0.340000 0.860000 0.000008
0.360000 0.860000 0.000010
0.380000 0.860000 0.000013
0.400000 0.860000 0.000017
0.420000 0.860000 0.000021
0.440000 0.860000 0.000027
0.460000 0.860000 0.000034
0.480000 0.860000 0.000043
0.500000 0.860000 0.000053
0.520000 0.860000 0.000065
0.540000 0.860000 0.000080
0.560000 0.860000 0.000097
0.580000 0.860000 0.000117
0.600000 0.860000 0.000140
0.620000 0.860000 0.000167
0.640000 0.860000 0.000198
0.660000 0.860000 0.000233
0.680000 0.860000 0.000273
0.700000 0.860000 0.000318
0.720000 0.860000 0.000369
0.740000 0.860000 0.000426
0.760000 0.860000 0.000489
0.780000 0.860000 0.000559
0.800000 0.860000 0.000635
0.820000 0.860000 0.000718
0.840000 0.860000 0.000805
0.860000 0.860000 0.000893
0.880000 0.860000 0.000976
0.900000 0.860000 0.001040
0.920000 0.860000 0.001058
0.940000 0.860000 0.000976
0.960000 0.860000 0.000690
0.980000 0.860000 0.000000

0.000000 0.840000 0.000000
0.020000 0.840000 0.000000
0.040000 0.840000 0.000000
0.060000 0.840000 0.000000
0.080000 0.840000 0.000000
0.100000 0.840000 0.000000
0.120000 0.840000 0.000000
0.140000 0.840000 0.000000
0.160000 0.840000 0.000000
0.180000 0.840000 0.000001
0.200000 0.840000 0.000001
0.220000 0.840000 0.000002
0.240000 0.840000 0.000002
0.260000 0.840000 0.000003
0.280000 0.840000 0.000004
0.300000 0.840000 0.000006
0.320000 0.840000 0.000008
0.340000 0.840000 0.000010
0.360000 0.840000 0.000014
0.380000 0.840000 0.000018
0.400000 0.840000 0.000023
0.420000 0.840000 0.000029
0.440000 0.840000 0.000037
0.460000 0.840000 0.000047
0.480000 0.840000 0.000058
0.500000 0.840000 0.000072
0.520000 0.840000 0.000088
0.540000 0.840000 0.000108
0.560000 0.840000 0.000130
0.580000 0.840000 0.000156
0.600000 0.840000 0.000187
0.620000 0.840000 0.000222
0.640000 0.840000 0.000262
0.660000 0.840000 0.000308
0.680000 0.840000 0.000360
0.700000 0.840000 0.000418
0.720000 0.840000 0.000484
0.740000 0.840000 0.000557
0.760000 0.840000 0.000638
0.780000 0.840000 0.000727
0.800000 0.840000 0.000824
0.820000 0.840000 0.000929
0.840000 0.840000 0.001039
0.860000 0.840000 0.001151
0.880000 0.840000 0.001256
0.900000 0.840000 0.001336
0.920000 0.840000 0.001356
0.940000 0.840000 0.001250
0.960000 0.840000 0.000883
0.980000 0.840000 0.000000

0.000000 0.820000 0.000000
0.020000 0.820000 0.000000
0.040000 0.820000 0.000000
0.060000 0.820000 0.000000
0.080000 0.820000 0.000000
0.100000 0.820000 0.000000
0.120000 0.820000 0.000000
0.140000 0.820000 0.000000
0.160000 0.820000 0.000001
0.180000 0.820000 0.000001
0.200000 0.820000 0.000001
0.220000 0.820000 0.000002
0.240000 0.820000 0.000003
0.260000 0.820000 0.000004
0.280000 0.820000 0.000006
0.300000 0.820000 0.000008
0.320000 0.820000 0.000011
0.340000 0.820000 0.000014
0.360000 0.820000 0.000019
0.380000 0.820000 0.000024
0.400000 0.820000 0.000031
0.420000 0.820000 0.000040
0.440000 0.820000 0.000051
0.460000 0.820000 0.000063
0.480000 0.820000 0.000079
0.500000 0.820000 0.000097
0.520000 0.820000 0.000118
0.540000 0.820000 0.000144
0.560000 0.820000 0.000174
0.580000 0.820000 0.000208
0.600000 0.820000 0.000248
0.620000 0.820000 0.000293
0.640000 0.820000 0.000345
0.660000 0.820000 0.000405
0.680000 0.820000 0.000471
0.700000 0.820000 0.000546
0.720000 0.820000 0.000630
0.740000 0.820000 0.000723
0.760000 0.820000 0.000826
0.780000 0.820000 0.000939
0.800000 0.820000 0.001062
0.820000 0.820000 0.001194
0.840000 0.820000 0.001332
0.860000 0.820000 0.001472
0.880000 0.820000 0.001603
0.900000 0.820000 0.001702
0.920000 0.820000 0.001725
0.940000 0.820000 0.001588
0.960000 0.820000 0.001121
0.980000 0.820000 0.000000

0.000000 0.800000 0.000000
0.020000 0.800000 0.000000
0.040000 0.800000 0.000000
0.060000 0.800000 0.000000
0.080000 0.800000 0.000000
0.100000 0.800000 0.000000
0.120000 0.800000 0.000000
0.140000 0.800000 0.000001
0.160000 0.800000 0.000001
0.180000 0.800000 0.000001
0.200000 0.800000 0.000002
0.220000 0.800000 0.000003
0.240000 0.800000 0.000004
0.260000 0.800000 0.000006
0.280000 0.800000 0.000008
0.300000 0.800000 0.000011
0.320000 0.800000 0.000015
0.340000 0.800000 0.000020
0.360000 0.800000 0.000026
0.380000 0.800000 0.000033
0.400000 0.800000 0.000043
0.420000 0.800000 0.000054
0.440000 0.800000 0.000069
0.460000 0.800000 0.000085
0.480000 0.800000 0.000106
0.500000 0.800000 0.000130
0.520000 0.800000 0.000158
0.540000 0.800000 0.000192
0.560000 0.800000 0.000231
0.580000 0.800000 0.000276
0.600000 0.800000 0.000327
0.620000 0.800000 0.000386
0.640000 0.800000 0.000453
0.660000 0.800000 0.000529
0.680000 0.800000 0.000614
0.700000 0.800000 0.000710
0.720000 0.800000 0.000817
0.740000 0.800000 0.000934
0.760000 0.800000 0.001064
0.780000 0.800000 0.001207
0.800000 0.800000 0.001361
0.820000 0.800000 0.001526
0.840000 0.800000 0.001699
0.860000 0.800000 0.001873
0.880000 0.800000 0.002034
0.900000 0.800000 0.002156
0.920000 0.800000 0.002182
0.940000 0.800000 0.002005
0.960000 0.800000 0.001415
0.980000 0.800000 0.000000

0.000000 0.780000 0.000000
0.020000 0.780000 0.000000
0.040000 0.780000 0.000000
0.060000 0.780000 0.000000
0.080000 0.780000 0.000000
0.100000 0.780000 0.000000
0.120000 0.780000 0.000001
0.140000 0.780000 0.000001
0.160000 0.780000 0.000001
0.180000 0.780000 0.000002
0.200000 0.780000 0.000003
0.220000 0.780000 0.000004
0.240000 0.780000 0.000006
0.260000 0.780000 0.000008
0.280000 0.780000 0.000011
0.300000 0.780000 0.000015
0.320000 0.780000 0.000021
0.340000 0.780000 0.000027
0.360000 0.780000 0.000035
0.380000 0.780000 0.000046
0.400000 0.780000 0.000058
0.420000 0.780000 0.000074
0.440000 0.780000 0.000093
0.460000 0.780000 0.000115
0.480000 0.780000 0.000142
0.500000 0.780000 0.000174
0.520000 0.780000 0.000211
0.540000 0.780000 0.000255
0.560000 0.780000 0.000306
0.580000 0.780000 0.000364
0.600000 0.780000 0.000431
0.620000 0.780000 0.000507
0.640000 0.780000 0.000593
0.660000 0.780000 0.000690
0.680000 0.780000 0.000799
0.700000 0.780000 0.000920
0.720000 0.780000 0.001055
0.740000 0.780000 0.001203
0.760000 0.780000 0.001366
0.780000 0.780000 0.001545
0.800000 0.780000 0.001737
0.820000 0.780000 0.001942
0.840000 0.780000 0.002157
0.860000 0.780000 0.002372
0.880000 0.780000 0.002571
0.900000 0.780000 0.002718
0.920000 0.780000 0.002747
0.940000 0.780000 0.002522
0.960000 0.780000 0.001778
0.980000 0.780000 0.000000

0.000000 0.760000 0.000000
0.020000 0.760000 0.000000
0.040000 0.760000 0.000000
0.060000 0.760000 0.000000
0.080000 0.760000 0.000000
0.100000 0.760000 0.000000
0.120000 0.760000 0.000001
0.140000 0.760000 0.000001
0.160000 0.760000 0.000002
0.180000 0.760000 0.000003
0.200000 0.760000 0.000004
0.220000 0.760000 0.000006
0.240000 0.760000 0.000008
0.260000 0.760000 0.000012
0.280000 0.760000 0.000016
0.300000 0.760000 0.000021
0.320000 0.760000 0.000028
0.340000 0.760000 0.000037
0.360000 0.760000 0.000048
0.380000 0.760000 0.000062
0.400000 0.760000 0.000079
0.420000 0.760000 0.000100
0.440000 0.760000 0.000125
0.460000 0.760000 0.000155
0.480000 0.760000 0.000190
0.500000 0.760000 0.000232
0.520000 0.760000 0.000281
0.540000 0.760000 0.000338
0.560000 0.760000 0.000404
0.580000 0.760000 0.000479
0.600000 0.760000 0.000565
0.620000 0.760000 0.000663
0.640000 0.760000 0.000773
0.660000 0.760000 0.000897
0.680000 0.760000 0.001035
0.700000 0.760000 0.001188
0.720000 0.760000 0.001358
0.740000 0.760000 0.001545
0.760000 0.760000 0.001749
0.780000 0.760000 0.001971
0.800000 0.760000 0.002210
0.820000 0.760000 0.002464
0.840000 0.760000 0.002729
0.860000 0.760000 0.002993
0.880000 0.760000 0.003237
0.900000 0.760000 0.003416
0.920000 0.760000 0.003446
0.940000 0.760000 0.003159
0.960000 0.760000 0.002225
0.980000 0.760000 0.000000

0.000000 0.740000 0.000000
0.020000 0.740000 0.000000
0.040000 0.740000 0.000000
0.060000 0.740000 0.000000
0.080000 0.740000 0.000000
0.100000 0.740000 0.000001
0.120000 0.740000 0.000001
0.140000 0.740000 0.000002
0.160000 0.740000 0.000003
0.180000 0.740000 0.000004
0.200000 0.740000 0.000006
0.220000 0.740000 0.000008
0.240000 0.740000 0.000012
0.260000 0.740000 0.000016
0.280000 0.740000 0.000022
0.300000 0.740000 0.000029
0.320000 0.740000 0.000039
0.340000 0.740000 0.000051
0.360000 0.740000 0.000066
0.380000 0.740000 0.000085
0.400000 0.740000 0.000108
0.420000 0.740000 0.000135
0.440000 0.740000 0.000168
0.460000 0.740000 0.000208
0.480000 0.740000 0.000255
0.500000 0.740000 0.000310
0.520000 0.740000 0.000374
0.540000 0.740000 0.000448
0.560000 0.740000 0.000533
0.580000 0.740000 0.000630
0.600000 0.740000 0.000741
0.620000 0.740000 0.000866
0.640000 0.740000 0.001006
0.660000 0.740000 0.001163
0.680000 0.740000 0.001338
0.700000 0.740000 0.001531
0.720000 0.740000 0.001744
0.740000 0.740000 0.001978
0.760000 0.740000 0.002232
0.780000 0.740000 0.002508
0.800000 0.740000 0.002804
0.820000 0.740000 0.003117
0.840000 0.740000 0.003442
0.860000 0.740000 0.003766
0.880000 0.740000 0.004063
0.900000 0.740000 0.004278
0.920000 0.740000 0.004308
0.940000 0.740000 0.003944
0.960000 0.740000 0.002776
0.980000 0.740000 0.000000

0.000000 0.720000 0.000000
0.020000 0.720000 0.000000
0.040000 0.720000 0.000000
0.060000 0.720000 0.000000
0.080000 0.720000 0.000001
0.100000 0.720000 0.000001
0.120000 0.720000 0.000002
0.140000 0.720000 0.000002
0.160000 0.720000 0.000004
0.180000 0.720000 0.000005
0.200000 0.720000 0.000008
0.220000 0.720000 0.000011
0.240000 0.720000 0.000016
0.260000 0.720000 0.000022
0.280000 0.720000 0.000030
0.300000 0.720000 0.000040
0.320000 0.720000 0.000053
0.340000 0.720000 0.000070
0.360000 0.720000 0.000090
0.380000 0.720000 0.000115
0.400000 0.720000 0.000146
0.420000 0.720000 0.000183
0.440000 0.720000 0.000227
0.460000 0.720000 0.000279
0.480000 0.720000 0.000340
0.500000 0.720000 0.000412
0.520000 0.720000 0.000496
0.540000 0.720000 0.000592
0.560000 0.720000 0.000702
0.580000 0.720000 0.000827
0.600000 0.720000 0.000969
0.620000 0.720000 0.001128
0.640000 0.720000 0.001306
0.660000 0.720000 0.001505
0.680000 0.720000 0.001725
0.700000 0.720000 0.001968
0.720000 0.720000 0.002234
0.740000 0.720000 0.002525
0.760000 0.720000 0.002841
0.780000 0.720000 0.003182
0.800000 0.720000 0.003547
0.820000 0.720000 0.003932
0.840000 0.720000 0.004330
0.860000 0.720000 0.004725
0.880000 0.720000 0.005084
0.900000 0.720000 0.005343
0.920000 0.720000 0.005371
0.940000 0.720000 0.004910
0.960000 0.720000 0.003453
0.980000 0.720000 0.000000

0.000000 0.700000 0.000000
0.020000 0.700000 0.000000
0.040000 0.700000 0.000000
0.060000 0.700000 0.000000
0.080000 0.700000 0.000001
0.100000 0.700000 0.000001
0.120000 0.700000 0.000002
0.140000 0.700000 0.000003
0.160000 0.700000 0.000005
0.180000 0.700000 0.000008
0.200000 0.700000 0.000011
0.220000 0.700000 0.000016
0.240000 0.700000 0.000022
0.260000 0.700000 0.000031
0.280000 0.700000 0.000042
0.300000 0.700000 0.000056
0.320000 0.700000 0.000073
0.340000 0.700000 0.000096
0.360000 0.700000 0.000123
0.380000 0.700000 0.000157
0.400000 0.700000 0.000197
0.420000 0.700000 0.000246
0.440000 0.700000 0.000304
0.460000 0.700000 0.000373
0.480000 0.700000 0.000454
0.500000 0.700000 0.000548
0.520000 0.700000 0.000656
0.540000 0.700000 0.000780
0.560000 0.700000 0.000922
0.580000 0.700000 0.001083
0.600000 0.700000 0.001264
0.620000 0.700000 0.001466
0.640000 0.700000 0.001692
0.660000 0.700000 0.001943
0.680000 0.700000 0.002220
0.700000 0.700000 0.002524
0.720000 0.700000 0.002856
0.740000 0.700000 0.003217
0.760000 0.700000 0.003608
0.780000 0.700000 0.004028
0.800000 0.700000 0.004476
0.820000 0.700000 0.004947
0.840000 0.700000 0.005432
0.860000 0.700000 0.005911
0.880000 0.700000 0.006345
0.900000 0.700000 0.006653
0.920000 0.700000 0.006675
0.940000 0.700000 0.006094
0.960000 0.700000 0.004282
0.980000 0.700000 0.000000

0.000000 0.680000 0.000000
0.020000 0.680000 0.000000
0.040000 0.680000 0.000000
0.060000 0.680000 0.000001
0.080000 0.680000 0.000001
0.100000 0.680000 0.000002
0.120000 0.680000 0.000003
0.140000 0.680000 0.000005
0.160000 0.680000 0.000007
0.180000 0.680000 0.000011
0.200000 0.680000 0.000016
0.220000 0.680000 0.000022
0.240000 0.680000 0.000031
0.260000 0.680000 0.000043
0.280000 0.680000 0.000058
0.300000 0.680000 0.000077
0.320000 0.680000 0.000101
0.340000 0.680000 0.000131
0.360000 0.680000 0.000168
0.380000 0.680000 0.000212
0.400000 0.680000 0.000267
0.420000 0.680000 0.000332
0.440000 0.680000 0.000408
0.460000 0.680000 0.000499
0.480000 0.680000 0.000604
0.500000 0.680000 0.000726
0.520000 0.680000 0.000867
0.540000 0.680000 0.001027
0.560000 0.680000 0.001209
0.580000 0.680000 0.001415
0.600000 0.680000 0.001645
0.620000 0.680000 0.001902
0.640000 0.680000 0.002188
0.660000 0.680000 0.002503
0.680000 0.680000 0.002849
0.700000 0.680000 0.003228
0.720000 0.680000 0.003641
0.740000 0.680000 0.004088
0.760000 0.680000 0.004569
0.780000 0.680000 0.005085
0.800000 0.680000 0.005633
0.820000 0.680000 0.006207
0.840000 0.680000 0.006795
0.860000 0.680000 0.007375
0.880000 0.680000 0.007896
0.900000 0.680000 0.008260
0.920000 0.680000 0.008272
0.940000 0.680000 0.007541
0.960000 0.680000 0.005294
0.980000 0.680000 0.000000

0.000000 0.660000 0.000000
0.020000 0.660000 0.000000
0.040000 0.660000 0.000000
0.060000 0.660000 0.000001
0.080000 0.660000 0.000002
0.100000 0.660000 0.000003
0.120000 0.660000 0.000004
0.140000 0.660000 0.000007
0.160000 0.660000 0.000010
0.180000 0.660000 0.000015
0.200000 0.660000 0.000022
0.220000 0.660000 0.000031
0.240000 0.660000 0.000043
0.260000 0.660000 0.000059
0.280000 0.660000 0.000080
0.300000 0.660000 0.000106
0.320000 0.660000 0.000138
0.340000 0.660000 0.000179
0.360000 0.660000 0.000228
0.380000 0.660000 0.000288
0.400000 0.660000 0.000360
0.420000 0.660000 0.000446
0.440000 0.660000 0.000547
0.460000 0.660000 0.000666
0.480000 0.660000 0.000803
0.500000 0.660000 0.000962
0.520000 0.660000 0.001143
0.540000 0.660000 0.001350
0.560000 0.660000 0.001583
0.580000 0.660000 0.001845
0.600000 0.660000 0.002138
0.620000 0.660000 0.002463
0.640000 0.660000 0.002822
0.660000 0.660000 0.003217
0.680000 0.660000 0.003649
0.700000 0.660000 0.004120
0.720000 0.660000 0.004630
0.740000 0.660000 0.005181
0.760000 0.660000 0.005772
0.780000 0.660000 0.006403
0.800000 0.660000 0.007070
0.820000 0.660000 0.007766
0.840000 0.660000 0.008478
0.860000 0.660000 0.009175
0.880000 0.660000 0.009798
0.900000 0.660000 0.010226
0.920000 0.660000 0.010221
0.940000 0.660000 0.009305
0.960000 0.660000 0.006527
0.980000 0.660000 0.000000

0.000000 0.640000 0.000000
0.020000 0.640000 0.000000
0.040000 0.640000 0.000001
0.060000 0.640000 0.000001
0.080000 0.640000 0.000002
0.100000 0.640000 0.000004
0.120000 0.640000 0.000006
0.140000 0.640000 0.000010
0.160000 0.640000 0.000014
0.180000 0.640000 0.000021
0.200000 0.640000 0.000031
0.220000 0.640000 0.000043
0.240000 0.640000 0.000060
0.260000 0.640000 0.000082
0.280000 0.640000 0.000110
0.300000 0.640000 0.000145
0.320000 0.640000 0.000189
0.340000 0.640000 0.000244
0.360000 0.640000 0.000310
0.380000 0.640000 0.000390
0.400000 0.640000 0.000486
0.420000 0.640000 0.000599
0.440000 0.640000 0.000732
0.460000 0.640000 0.000887
0.480000 0.640000 0.001066
0.500000 0.640000 0.001271
0.520000 0.640000 0.001505
0.540000 0.640000 0.001770
0.560000 0.640000 0.002068
0.580000 0.640000 0.002401
0.600000 0.640000 0.002771
0.620000 0.640000 0.003180
0.640000 0.640000 0.003631
0.660000 0.640000 0.004124
0.680000 0.640000 0.004661
0.700000 0.640000 0.005244
0.720000 0.640000 0.005873
0.740000 0.640000 0.006549
0.760000 0.640000 0.007272
0.780000 0.640000 0.008040
0.800000 0.640000 0.008849
0.820000 0.640000 0.009691
0.840000 0.640000 0.010547
0.860000 0.640000 0.011382
0.880000 0.640000 0.012123
0.900000 0.640000 0.012624
0.920000 0.640000 0.012593
0.940000 0.640000 0.011447
0.960000 0.640000 0.008021
0.980000 0.640000 0.000000

0.000000 0.620000 0.000000
0.020000 0.620000 0.000000
0.040000 0.620000 0.000001
0.060000 0.620000 0.000002
0.080000 0.620000 0.000003
0.100000 0.620000 0.000005
0.120000 0.620000 0.000009
0.140000 0.620000 0.000013
0.160000 0.620000 0.000020
0.180000 0.620000 0.000030
0.200000 0.620000 0.000043
0.220000 0.620000 0.000061
0.240000 0.620000 0.000084
0.260000 0.620000 0.000114
0.280000 0.620000 0.000152
0.300000 0.620000 0.000200
0.320000 0.620000 0.000259
0.340000 0.620000 0.000332
0.360000 0.620000 0.000421
0.380000 0.620000 0.000528
0.400000 0.620000 0.000654
0.420000 0.620000 0.000804
0.440000 0.620000 0.000978
0.460000 0.620000 0.001180
0.480000 0.620000 0.001412
0.500000 0.620000 0.001677
0.520000 0.620000 0.001978
0.540000 0.620000 0.002316
0.560000 0.620000 0.002695
0.580000 0.620000 0.003117
0.600000 0.620000 0.003584
0.620000 0.620000 0.004098
0.640000 0.620000 0.004660
0.660000 0.620000 0.005274
0.680000 0.620000 0.005939
0.700000 0.620000 0.006658
0.720000 0.620000 0.007430
0.740000 0.620000 0.008257
0.760000 0.620000 0.009137
0.780000 0.620000 0.010068
0.800000 0.620000 0.011046
0.820000 0.620000 0.012058
0.840000 0.620000 0.013084
0.860000 0.620000 0.014079
0.880000 0.620000 0.014955
0.900000 0.620000 0.015536
0.920000 0.620000 0.015468
0.940000 0.620000 0.014039
0.960000 0.620000 0.009828
0.980000 0.620000 0.000000

0.000000 0.600000 0.000000
0.020000 0.600000 0.000000
0.040000 0.600000 0.000001
0.060000 0.600000 0.000002
0.080000 0.600000 0.000004
0.100000 0.600000 0.000007
0.120000 0.600000 0.000012
0.140000 0.600000 0.000019
0.160000 0.600000 0.000029
0.180000 0.600000 0.000042
0.200000 0.600000 0.000060
0.220000 0.600000 0.000085
0.240000 0.600000 0.000117
0.260000 0.600000 0.000157
0.280000 0.600000 0.000209
0.300000 0.600000 0.000274
0.320000 0.600000 0.000355
0.340000 0.600000 0.000453
0.360000 0.600000 0.000571
0.380000 0.600000 0.000713
0.400000 0.600000 0.000880
0.420000 0.600000 0.001076
0.440000 0.600000 0.001304
0.460000 0.600000 0.001567
0.480000 0.600000 0.001867
0.500000 0.600000 0.002208
0.520000 0.600000 0.002593
0.540000 0.600000 0.003025
0.560000 0.600000 0.003505
0.580000 0.600000 0.004038
0.600000 0.600000 0.004624
0.620000 0.600000 0.005266
0.640000 0.600000 0.005967
0.660000 0.600000 0.006727
0.680000 0.600000 0.007548
0.700000 0.600000 0.008430
0.720000 0.600000 0.009375
0.740000 0.600000 0.010381
0.760000 0.600000 0.011448
0.780000 0.600000 0.012573
0.800000 0.600000 0.013747
0.820000 0.600000 0.014959
0.840000 0.600000 0.016182
0.860000 0.600000 0.017362
0.880000 0.600000 0.018393
0.900000 0.600000 0.019062
0.920000 0.600000 0.018940
0.940000 0.600000 0.017163
0.960000 0.600000 0.012004
0.980000 0.600000 0.000000

0.000000 0.580000 0.000000
0.020000 0.580000 0.000001
0.040000 0.580000 0.000002
0.060000 0.580000 0.000003
0.080000 0.580000 0.000006
0.100000 0.580000 0.000011
0.120000 0.580000 0.000017
0.140000 0.580000 0.000027
0.160000 0.580000 0.000041
0.180000 0.580000 0.000059
0.200000 0.580000 0.000085
0.220000 0.580000 0.000118
0.240000 0.580000 0.000162
0.260000 0.580000 0.000218
0.280000 0.580000 0.000289
0.300000 0.580000 0.000377
0.320000 0.580000 0.000485
0.340000 0.580000 0.000616
0.360000 0.580000 0.000774
0.380000 0.580000 0.000961
0.400000 0.580000 0.001181
0.420000 0.580000 0.001438
0.440000 0.580000 0.001735
0.460000 0.580000 0.002076
0.480000 0.580000 0.002463
0.500000 0.580000 0.002901
0.520000 0.580000 0.003392
0.540000 0.580000 0.003940
0.560000 0.580000 0.004548
0.580000 0.580000 0.005217
0.600000 0.580000 0.005951
0.620000 0.580000 0.006751
0.640000 0.580000 0.007620
0.660000 0.580000 0.008557
0.680000 0.580000 0.009566
0.700000 0.580000 0.010645
0.720000 0.580000 0.011795
0.740000 0.580000 0.013015
0.760000 0.580000 0.014303
0.780000 0.580000 0.015654
0.800000 0.580000 0.017059
0.820000 0.580000 0.018503
0.840000 0.580000 0.019953
0.860000 0.580000 0.021345
0.880000 0.580000 0.022551
0.900000 0.580000 0.023314
0.920000 0.580000 0.023117
0.940000 0.580000 0.020916
0.960000 0.580000 0.014614
0.980000 0.580000 0.000000

0.000000 0.560000 0.000000
0.020000 0.560000 0.000001
0.040000 0.560000 0.000002
0.060000 0.560000 0.000005
0.080000 0.560000 0.000009
0.100000 0.560000 0.000015
0.120000 0.560000 0.000025
0.140000 0.560000 0.000038
0.160000 0.560000 0.000057
0.180000 0.560000 0.000083
0.200000 0.560000 0.000119
0.220000 0.560000 0.000165
0.240000 0.560000 0.000225
0.260000 0.560000 0.000302
0.280000 0.560000 0.000398
0.300000 0.560000 0.000517
0.320000 0.560000 0.000662
0.340000 0.560000 0.000837
0.360000 0.560000 0.001047
0.380000 0.560000 0.001294
0.400000 0.560000 0.001584
0.420000 0.560000 0.001919
0.440000 0.560000 0.002305
0.460000 0.560000 0.002745
0.480000 0.560000 0.003243
0.500000 0.560000 0.003803
0.520000 0.560000 0.004428
0.540000 0.560000 0.005121
0.560000 0.560000 0.005886
0.580000 0.560000 0.006724
0.600000 0.560000 0.007639
0.620000 0.560000 0.008632
0.640000 0.560000 0.009704
0.660000 0.560000 0.010856
0.680000 0.560000 0.012089
0.700000 0.560000 0.013403
0.720000 0.560000 0.014797
0.740000 0.560000 0.016269
0.760000 0.560000 0.017816
0.780000 0.560000 0.019431
0.800000 0.560000 0.021104
0.820000 0.560000 0.022815
0.840000 0.560000 0.024526
0.860000 0.560000 0.026158
0.880000 0.560000 0.027559
0.900000 0.560000 0.028421
0.920000 0.560000 0.028122
0.940000 0.560000 0.025404
0.960000 0.560000 0.017732
0.980000 0.560000 0.000000

0.000000 0.540000 0.000000
0.020000 0.540000 0.000001
0.040000 0.540000 0.000003
0.060000 0.540000 0.000007
0.080000 0.540000 0.000013
0.100000 0.540000 0.000022
0.120000 0.540000 0.000035
0.140000 0.540000 0.000054
0.160000 0.540000 0.000081
0.180000 0.540000 0.000117
0.200000 0.540000 0.000166
0.220000 0.540000 0.000230
0.240000 0.540000 0.000313
0.260000 0.540000 0.000417
0.280000 0.540000 0.000547
0.300000 0.540000 0.000708
0.320000 0.540000 0.000903
0.340000 0.540000 0.001136
0.360000 0.540000 0.001414
0.380000 0.540000 0.001740
0.400000 0.540000 0.002119
0.420000 0.540000 0.002556
0.440000 0.540000 0.003056
0.460000 0.540000 0.003622
0.480000 0.540000 0.004260
0.500000 0.540000 0.004973
0.520000 0.540000 0.005765
0.540000 0.540000 0.006639
0.560000 0.540000 0.007598
0.580000 0.540000 0.008644
0.600000 0.540000 0.009779
0.620000 0.540000 0.011005
0.640000 0.540000 0.012323
0.660000 0.540000 0.013733
0.680000 0.540000 0.015234
0.700000 0.540000 0.016826
0.720000 0.540000 0.018507
0.740000 0.540000 0.020274
0.760000 0.540000 0.022122
0.780000 0.540000 0.024044
0.800000 0.540000 0.026025
0.820000 0.540000 0.028042
0.840000 0.540000 0.030048
0.860000 0.540000 0.031951
0.880000 0.540000 0.033568
0.900000 0.540000 0.034530
0.920000 0.540000 0.034094
0.940000 0.540000 0.030748
0.960000 0.540000 0.021441
0.980000 0.540000 0.000000

0.000000 0.520000 0.000000
0.020000 0.520000 0.000002
0.040000 0.520000 0.000005
0.060000 0.520000 0.000010
0.080000 0.520000 0.000018
0.100000 0.520000 0.000031
0.120000 0.520000 0.000050
0.140000 0.520000 0.000076
0.160000 0.520000 0.000114
0.180000 0.520000 0.000165
0.200000 0.520000 0.000233
0.220000 0.520000 0.000321
0.240000 0.520000 0.000434
0.260000 0.520000 0.000576
0.280000 0.520000 0.000753
0.300000 0.520000 0.000969
0.320000 0.520000 0.001229
0.340000 0.520000 0.001540
0.360000 0.520000 0.001907
0.380000 0.520000 0.002335
0.400000 0.520000 0.002830
0.420000 0.520000 0.003397
0.440000 0.520000 0.004042
0.460000 0.520000 0.004769
0.480000 0.520000 0.005583
0.500000 0.520000 0.006487
0.520000 0.520000 0.007487
0.540000 0.520000 0.008583
0.560000 0.520000 0.009781
0.580000 0.520000 0.011080
0.600000 0.520000 0.012483
0.620000 0.520000 0.013991
0.640000 0.520000 0.015603
0.660000 0.520000 0.017319
0.680000 0.520000 0.019138
0.700000 0.520000 0.021058
0.720000 0.520000 0.023075
0.740000 0.520000 0.025185
0.760000 0.520000 0.027381
0.780000 0.520000 0.029654
0.800000 0.520000 0.031988
0.820000 0.520000 0.034351
0.840000 0.520000 0.036689
0.860000 0.520000 0.038892
0.880000 0.520000 0.040744
0.900000 0.520000 0.041805
0.920000 0.520000 0.041187
0.940000 0.520000 0.037084
0.960000 0.520000 0.025832
0.980000 0.520000 0.000000

0.000000 0.500000 0.000000
0.020000 0.500000 0.000002
0.040000 0.500000 0.000007
0.060000 0.500000 0.000014
0.080000 0.500000 0.000026
0.100000 0.500000 0.000044
0.120000 0.500000 0.000070
0.140000 0.500000 0.000108
0.160000 0.500000 0.000161
0.180000 0.500000 0.000232
0.200000 0.500000 0.000326
0.220000 0.500000 0.000447
0.240000 0.500000 0.000602
0.260000 0.500000 0.000795
0.280000 0.500000 0.001034
0.300000 0.500000 0.001324
0.320000 0.500000 0.001671
0.340000 0.500000 0.002083
0.360000 0.500000 0.002566
0.380000 0.500000 0.003127
0.400000 0.500000 0.003771
0.420000 0.500000 0.004505
0.440000 0.500000 0.005334
0.460000 0.500000 0.006263
0.480000 0.500000 0.007297
0.500000 0.500000 0.008441
0.520000 0.500000 0.009696
0.540000 0.500000 0.011067
0.560000 0.500000 0.012556
0.580000 0.500000 0.014162
0.600000 0.500000 0.015888
0.620000 0.500000 0.017733
0.640000 0.500000 0.019696
0.660000 0.500000 0.021775
0.680000 0.500000 0.023967
0.700000 0.500000 0.026269
0.720000 0.500000 0.028676
0.740000 0.500000 0.031182
0.760000 0.500000 0.033778
0.780000 0.500000 0.036451
0.800000 0.500000 0.039182
0.820000 0.500000 0.041934
0.840000 0.500000 0.044641
0.860000 0.500000 0.047175
0.880000 0.500000 0.049278
0.900000 0.500000 0.050430
0.920000 0.500000 0.049575
0.940000 0.500000 0.044561
0.960000 0.500000 0.031006
0.980000 0.500000 0.000000

0.000000 0.480000 0.000000
0.020000 0.480000 0.000003
0.040000 0.480000 0.000010
0.060000 0.480000 0.000020
0.080000 0.480000 0.000037
0.100000 0.480000 0.000063
0.120000 0.480000 0.000100
0.140000 0.480000 0.000154
0.160000 0.480000 0.000227
0.180000 0.480000 0.000326
0.200000 0.480000 0.000456
0.220000 0.480000 0.000623
0.240000 0.480000 0.000834
0.260000 0.480000 0.001097
0.280000 0.480000 0.001419
0.300000 0.480000 0.001807
0.320000 0.480000 0.002269
0.340000 0.480000 0.002814
0.360000 0.480000 0.003448
0.380000 0.480000 0.004179
0.400000 0.480000 0.005015
0.420000 0.480000 0.005960
0.440000 0.480000 0.007022
0.460000 0.480000 0.008205
0.480000 0.480000 0.009514
0.500000 0.480000 0.010952
0.520000 0.480000 0.012523
0.540000 0.480000 0.014229
0.560000 0.480000 0.016070
0.580000 0.480000 0.018047
0.600000 0.480000 0.020160
0.620000 0.480000 0.022406
0.640000 0.480000 0.024783
0.660000 0.480000 0.027288
0.680000 0.480000 0.029915
0.700000 0.480000 0.032661
0.720000 0.480000 0.035517
0.740000 0.480000 0.038475
0.760000 0.480000 0.041525
0.780000 0.480000 0.044649
0.800000 0.480000 0.047824
0.820000 0.480000 0.051008
0.840000 0.480000 0.054120
0.860000 0.480000 0.057011
0.880000 0.480000 0.059377
0.900000 0.480000 0.060604
0.920000 0.480000 0.059443
0.940000 0.480000 0.053339
0.960000 0.480000 0.037074
0.980000 0.480000 0.000000

0.000000 0.460000 0.000000
0.020000 0.460000 0.000005
0.040000 0.460000 0.000014
0.060000 0.460000 0.000029
0.080000 0.460000 0.000053
0.100000 0.460000 0.000090
0.120000 0.460000 0.000143
0.140000 0.460000 0.000218
0.160000 0.460000 0.000321
0.180000 0.460000 0.000459
0.200000 0.460000 0.000638
0.220000 0.460000 0.000868
0.240000 0.460000 0.001156
0.260000 0.460000 0.001512
0.280000 0.460000 0.001944
0.300000 0.460000 0.002462
0.320000 0.460000 0.003076
0.340000 0.460000 0.003793
0.360000 0.460000 0.004624
0.380000 0.460000 0.005574
0.400000 0.460000 0.006653
0.420000 0.460000 0.007866
0.440000 0.460000 0.009220
0.460000 0.460000 0.010720
0.480000 0.460000 0.012369
0.500000 0.460000 0.014170
0.520000 0.460000 0.016126
0.540000 0.460000 0.018238
0.560000 0.460000 0.020504
0.580000 0.460000 0.022925
0.600000 0.460000 0.025497
0.620000 0.460000 0.028217
0.640000 0.460000 0.031080
0.660000 0.460000 0.034081
0.680000 0.460000 0.037212
0.700000 0.460000 0.040467
0.720000 0.460000 0.043836
0.740000 0.460000 0.047306
0.760000 0.460000 0.050865
0.780000 0.460000 0.054493
0.800000 0.460000 0.058159
0.820000 0.460000 0.061814
0.840000 0.460000 0.065365
0.860000 0.460000 0.068636
0.880000 0.460000 0.071270
0.900000 0.460000 0.072548
0.920000 0.460000 0.070995
0.940000 0.460000 0.063593
0.960000 0.460000 0.044152
0.980000 0.460000 0.000000

0.000000 0.440000 0.000000
0.020000 0.440000 0.000007
0.040000 0.440000 0.000020
0.060000 0.440000 0.000042
0.080000 0.440000 0.000076
0.100000 0.440000 0.000128
0.120000 0.440000 0.000204
0.140000 0.440000 0.000310
0.160000 0.440000 0.000454
0.180000 0.440000 0.000645
0.200000 0.440000 0.000893
0.220000 0.440000 0.001207
0.240000 0.440000 0.001600
0.260000 0.440000 0.002080
0.280000 0.440000 0.002660
0.300000 0.440000 0.003351
0.320000 0.440000 0.004162
0.340000 0.440000 0.005104
0.360000 0.440000 0.006186
0.380000 0.440000 0.007417
0.400000 0.440000 0.008804
0.420000 0.440000 0.010355
0.440000 0.440000 0.012074
0.460000 0.440000 0.013966
0.480000 0.440000 0.016033
0.500000 0.440000 0.018279
0.520000 0.440000 0.020702
0.540000 0.440000 0.023302
0.560000 0.440000 0.026078
0.580000 0.440000 0.029025
0.600000 0.440000 0.032139
0.620000 0.440000 0.035413
0.640000 0.440000 0.038842
0.660000 0.440000 0.042415
0.680000 0.440000 0.046125
0.700000 0.440000 0.049959
0.720000 0.440000 0.053905
0.740000 0.440000 0.057950
0.760000 0.440000 0.062074
0.780000 0.440000 0.066255
0.800000 0.440000 0.070456
0.820000 0.440000 0.074620
0.840000 0.440000 0.078638
0.860000 0.440000 0.082304
0.880000 0.440000 0.085203
0.900000 0.440000 0.086492
0.920000 0.440000 0.084443
0.940000 0.440000 0.075503
0.960000 0.440000 0.052361
0.980000 0.440000 0.000000

0.000000 0.420000 0.000000
0.020000 0.420000 0.000010
0.040000 0.420000 0.000029
0.060000 0.420000 0.000060
0.080000 0.420000 0.000110
0.100000 0.420000 0.000184
0.120000 0.420000 0.000291
0.140000 0.420000 0.000440
0.160000 0.420000 0.000642
0.180000 0.420000 0.000907
0.200000 0.420000 0.001249
0.220000 0.420000 0.001679
0.240000 0.420000 0.002212
0.260000 0.420000 0.002859
0.280000 0.420000 0.003635
0.300000 0.420000 0.004551
0.320000 0.420000 0.005620
0.340000 0.420000 0.006852
0.360000 0.420000 0.008257
0.380000 0.420000 0.009844
0.400000 0.420000 0.011621
0.420000 0.420000 0.013593
0.440000 0.420000 0.015765
0.460000 0.420000 0.018140
0.480000 0.420000 0.020719
0.500000 0.420000 0.023503
0.520000 0.420000 0.026489
0.540000 0.420000 0.029674
0.560000 0.420000 0.033053
0.580000 0.420000 0.036621
0.600000 0.420000 0.040368
0.620000 0.420000 0.044287
0.640000 0.420000 0.048367
0.660000 0.420000 0.052595
0.680000 0.420000 0.056960
0.700000 0.420000 0.061445
0.720000 0.420000 0.066037
0.740000 0.420000 0.070716
0.760000 0.420000 0.075459
0.780000 0.420000 0.080240
0.800000 0.420000 0.085016
0.820000 0.420000 0.089718
0.840000 0.420000 0.094221
0.860000 0.420000 0.098287
0.880000 0.420000 0.101433
0.900000 0.420000 0.102680
0.920000 0.420000 0.100009
0.940000 0.420000 0.089256
0.960000 0.420000 0.061827
0.980000 0.420000 0.000000

0.000000 0.400000 0.000000
0.020000 0.400000 0.000015
0.040000 0.400000 0.000042
0.060000 0.400000 0.000087
0.080000 0.400000 0.000158
0.100000 0.400000 0.000264
0.120000 0.400000 0.000416
0.140000 0.400000 0.000626
0.160000 0.400000 0.000907
0.180000 0.400000 0.001276
0.200000 0.400000 0.001746
0.220000 0.400000 0.002333
0.240000 0.400000 0.003055
0.260000 0.400000 0.003925
0.280000 0.400000 0.004958
0.300000 0.400000 0.006170
0.320000 0.400000 0.007572
0.340000 0.400000 0.009177
0.360000 0.400000 0.010994
0.380000 0.400000 0.013031
0.400000 0.400000 0.015295
0.420000 0.400000 0.017791
0.440000 0.400000 0.020522
0.460000 0.400000 0.023488
0.480000 0.400000 0.026688
0.500000 0.400000 0.030119
0.520000 0.400000 0.033777
0.540000 0.400000 0.037656
0.560000 0.400000 0.041746
0.580000 0.400000 0.046038
0.600000 0.400000 0.050520
0.620000 0.400000 0.055179
0.640000 0.400000 0.060001
0.660000 0.400000 0.064970
0.680000 0.400000 0.070069
0.700000 0.400000 0.075279
0.720000 0.400000 0.080580
0.740000 0.400000 0.085950
0.760000 0.400000 0.091361
0.780000 0.400000 0.096781
0.800000 0.400000 0.102160
0.820000 0.400000 0.107418
0.840000 0.400000 0.112413
0.860000 0.400000 0.116869
0.880000 0.400000 0.120229
0.900000 0.400000 0.121359
0.920000 0.400000 0.117914
0.940000 0.400000 0.105037
0.960000 0.400000 0.072671
0.980000 0.400000 0.000000

0.000000 0.380000 0.000000
0.020000 0.380000 0.000021
0.040000 0.380000 0.000060
0.060000 0.380000 0.000126
0.080000 0.380000 0.000228
0.100000 0.380000 0.000379
0.120000 0.380000 0.000594
0.140000 0.380000 0.000890
0.160000 0.380000 0.001283
0.180000 0.380000 0.001793
0.200000 0.380000 0.002439
0.220000 0.380000 0.003239
0.240000 0.380000 0.004213
0.260000 0.380000 0.005378
0.280000 0.380000 0.006751
0.300000 0.380000 0.008347
0.320000 0.380000 0.010180
0.340000 0.380000 0.012260
0.360000 0.380000 0.014598
0.380000 0.380000 0.017200
0.400000 0.380000 0.020071
0.420000 0.380000 0.023213
0.440000 0.380000 0.026627
0.460000 0.380000 0.030310
0.480000 0.380000 0.034257
0.500000 0.380000 0.038463
0.520000 0.380000 0.042917
0.540000 0.380000 0.047610
0.560000 0.380000 0.052529
0.580000 0.380000 0.057658
0.600000 0.380000 0.062982
0.620000 0.380000 0.068483
0.640000 0.380000 0.074142
0.660000 0.380000 0.079938
0.680000 0.380000 0.085849
0.700000 0.380000 0.091852
0.720000 0.380000 0.097922
0.740000 0.380000 0.104032
0.760000 0.380000 0.110149
0.780000 0.380000 0.116235
0.800000 0.380000 0.122232
0.820000 0.380000 0.128050
0.840000 0.380000 0.133525
0.860000 0.380000 0.138340
0.880000 0.380000 0.141859
0.900000 0.380000 0.142773
0.920000 0.380000 0.138373
0.940000 0.380000 0.123023
0.960000 0.380000 0.085009
0.980000 0.380000 0.000000

0.000000 0.360000 0.000000
0.020000 0.360000 0.000031
0.040000 0.360000 0.000088
0.060000 0.360000 0.000182
0.080000 0.360000 0.000329
0.100000 0.360000 0.000545
0.120000 0.360000 0.000851
0.140000 0.360000 0.001266
0.160000 0.360000 0.001815
0.180000 0.360000 0.002520
0.200000 0.360000 0.003405
0.220000 0.360000 0.004492
0.240000 0.360000 0.005802
0.260000 0.360000 0.007357
0.280000 0.360000 0.009173
0.300000 0.360000 0.011266
0.320000 0.360000 0.013650
0.340000 0.360000 0.016335
0.360000 0.360000 0.019327
0.380000 0.360000 0.022633
0.400000 0.360000 0.026253
0.420000 0.360000 0.030187
0.440000 0.360000 0.034430
0.460000 0.360000 0.038976
0.480000 0.360000 0.043815
0.500000 0.360000 0.048936
0.520000 0.360000 0.054325
0.540000 0.360000 0.059966
0.560000 0.360000 0.065840
0.580000 0.360000 0.071927
0.600000 0.360000 0.078205
0.620000 0.360000 0.084652
0.640000 0.360000 0.091241
0.660000 0.360000 0.097947
0.680000 0.360000 0.104743
0.700000 0.360000 0.111600
0.720000 0.360000 0.118488
0.740000 0.360000 0.125373
0.760000 0.360000 0.132219
0.780000 0.360000 0.138980
0.800000 0.360000 0.145591
0.820000 0.360000 0.151949
0.840000 0.360000 0.157867
0.860000 0.360000 0.162987
0.880000 0.360000 0.166581
0.900000 0.360000 0.167152
0.920000 0.360000 0.161584
0.940000 0.360000 0.143373
0.960000 0.360000 0.098945
0.980000 0.360000 0.000000

0.000000 0.340000 0.000000
0.020000 0.340000 0.000045
0.040000 0.340000 0.000128
0.060000 0.340000 0.000265
0.080000 0.340000 0.000476
0.100000 0.340000 0.000786
0.120000 0.340000 0.001219
0.140000 0.340000 0.001803
0.160000 0.340000 0.002567
0.180000 0.340000 0.003540
0.200000 0.340000 0.004749
0.220000 0.340000 0.006220
0.240000 0.340000 0.007978
0.260000 0.340000 0.010044
0.280000 0.340000 0.012435
0.300000 0.340000 0.015168
0.320000 0.340000 0.018254
0.340000 0.340000 0.021699
0.360000 0.340000 0.025510
0.380000 0.340000 0.029685
0.400000 0.340000 0.034223
0.420000 0.340000 0.039117
0.440000 0.340000 0.044357
0.460000 0.340000 0.049932
0.480000 0.340000 0.055826
0.500000 0.340000 0.062020
0.520000 0.340000 0.068494
0.540000 0.340000 0.075225
0.560000 0.340000 0.082188
0.580000 0.340000 0.089357
0.600000 0.340000 0.096703
0.620000 0.340000 0.104196
0.640000 0.340000 0.111805
0.660000 0.340000 0.119497
0.680000 0.340000 0.127239
0.700000 0.340000 0.134996
0.720000 0.340000 0.142732
0.740000 0.340000 0.150410
0.760000 0.340000 0.157985
0.780000 0.340000 0.165406
0.800000 0.340000 0.172599
0.820000 0.340000 0.179448
0.840000 0.340000 0.185743
0.860000 0.340000 0.191079
0.880000 0.340000 0.194632
0.900000 0.340000 0.194697
0.920000 0.340000 0.187712
0.940000 0.340000 0.166213
0.960000 0.340000 0.114556
0.980000 0.340000 0.000000

0.000000 0.320000 0.000000
0.020000 0.320000 0.000066
0.040000 0.320000 0.000187
0.060000 0.320000 0.000386
0.080000 0.320000 0.000691
0.100000 0.320000 0.001133
0.120000 0.320000 0.001747
0.140000 0.320000 0.002568
0.160000 0.320000 0.003630
0.180000 0.320000 0.004969
0.200000 0.320000 0.006616
0.220000 0.320000 0.008601
0.240000 0.320000 0.010949
0.260000 0.320000 0.013682
0.280000 0.320000 0.016816
0.300000 0.320000 0.020365
0.320000 0.320000 0.024337
0.340000 0.320000 0.028734
0.360000 0.320000 0.033556
0.380000 0.320000 0.038798
0.400000 0.320000 0.044450
0.420000 0.320000 0.050499
0.440000 0.320000 0.056928
0.460000 0.320000 0.063717
0.480000 0.320000 0.070844
0.500000 0.320000 0.078281
0.520000 0.320000 0.086000
0.540000 0.320000 0.093971
0.560000 0.320000 0.102160
0.580000 0.320000 0.110534
0.600000 0.320000 0.119056
0.620000 0.320000 0.127688
0.640000 0.320000 0.136393
0.660000 0.320000 0.145131
0.680000 0.320000 0.153861
0.700000 0.320000 0.162544
0.720000 0.320000 0.171136
0.740000 0.320000 0.179594
0.760000 0.320000 0.187869
0.780000 0.320000 0.195901
0.800000 0.320000 0.203608
0.820000 0.320000 0.210862
0.840000 0.320000 0.217428
0.860000 0.320000 0.222851
0.880000 0.320000 0.226205
0.900000 0.320000 0.225561
0.920000 0.320000 0.216873
0.940000 0.320000 0.191624
0.960000 0.320000 0.131889
0.980000 0.320000 0.000000

0.000000 0.300000 0.000000
0.020000 0.300000 0.000098
0.040000 0.300000 0.000275
0.060000 0.300000 0.000564
0.080000 0.300000 0.001004
0.100000 0.300000 0.001637
0.120000 0.300000 0.002507
0.140000 0.300000 0.003658
0.160000 0.300000 0.005132
0.180000 0.300000 0.006970
0.200000 0.300000 0.009206
0.220000 0.300000 0.011873
0.240000 0.300000 0.014995
0.260000 0.300000 0.018592
0.280000 0.300000 0.022678
0.300000 0.300000 0.027261
0.320000 0.300000 0.032342
0.340000 0.300000 0.037919
0.360000 0.300000 0.043983
0.380000 0.300000 0.050519
0.400000 0.300000 0.057510
0.420000 0.300000 0.064934
0.440000 0.300000 0.072765
0.460000 0.300000 0.080971
0.480000 0.300000 0.089522
0.500000 0.300000 0.098382
0.520000 0.300000 0.107511
0.540000 0.300000 0.116871
0.560000 0.300000 0.126420
0.580000 0.300000 0.136114
0.600000 0.300000 0.145908
0.620000 0.300000 0.155757
0.640000 0.300000 0.165615
0.660000 0.300000 0.175434
0.680000 0.300000 0.185169
0.700000 0.300000 0.194771
0.720000 0.300000 0.204192
0.740000 0.300000 0.213381
0.760000 0.300000 0.222285
0.780000 0.300000 0.230836
0.800000 0.300000 0.238945
0.820000 0.300000 0.246470
0.840000 0.300000 0.253151
0.860000 0.300000 0.258484
0.880000 0.300000 0.261432
0.900000 0.300000 0.259830
0.920000 0.300000 0.249111
0.940000 0.300000 0.219618
0.960000 0.300000 0.150941
0.980000 0.300000 0.000000

0.000000 0.280000 0.000000
0.020000 0.280000 0.000144
0.040000 0.280000 0.000404
0.060000 0.280000 0.000826
0.080000 0.280000 0.001463
0.100000 0.280000 0.002369
0.120000 0.280000 0.003601
0.140000 0.280000 0.005212
0.160000 0.280000 0.007252
0.180000 0.280000 0.009765
0.200000 0.280000 0.012790
0.220000 0.280000 0.016356
0.240000 0.280000 0.020487
0.260000 0.280000 0.025196
0.280000 0.280000 0.030491
0.300000 0.280000 0.036372
0.320000 0.280000 0.042831
0.340000 0.280000 0.049856
0.360000 0.280000 0.057427
0.380000 0.280000 0.065519
0.400000 0.280000 0.074103
0.420000 0.280000 0.083145
0.440000 0.280000 0.092607
0.460000 0.280000 0.102448
0.480000 0.280000 0.112624
0.500000 0.280000 0.123088
0.520000 0.280000 0.133791
0.540000 0.280000 0.144683
0.560000 0.280000 0.155711
0.580000 0.280000 0.166823
0.600000 0.280000 0.177965
0.620000 0.280000 0.189081
0.640000 0.280000 0.200118
0.660000 0.280000 0.211022
0.680000 0.280000 0.221737
0.700000 0.280000 0.232210
0.720000 0.280000 0.242386
0.740000 0.280000 0.252209
0.760000 0.280000 0.261619
0.780000 0.280000 0.270544
0.800000 0.280000 0.278886
0.820000 0.280000 0.286489
0.840000 0.280000 0.293071
0.860000 0.280000 0.298076
0.880000 0.280000 0.300354
0.900000 0.280000 0.297492
0.920000 0.280000 0.284372
0.940000 0.280000 0.250120
0.960000 0.280000 0.171647
0.980000 0.280000 0.000000

0.000000 0.260000 0.000000
0.020000 0.260000 0.000213
0.040000 0.260000 0.000596
0.060000 0.260000 0.001214
0.080000 0.260000 0.002136
0.100000 0.260000 0.003433
0.120000 0.260000 0.005176
0.140000 0.260000 0.007426
0.160000 0.260000 0.010240
0.180000 0.260000 0.013665
0.200000 0.260000 0.017737
0.220000 0.260000 0.022482
0.240000 0.260000 0.027915
0.260000 0.260000 0.034041
0.280000 0.260000 0.040858
0.300000 0.260000 0.048353
0.320000 0.260000 0.056506
0.340000 0.260000 0.065290
0.360000 0.260000 0.074671
0.380000 0.260000 0.084611
0.400000 0.260000 0.095067
0.420000 0.260000 0.105989
0.440000 0.260000 0.117326
0.460000 0.260000 0.129024
0.480000 0.260000 0.141026
0.500000 0.260000 0.153271
0.520000 0.260000 0.165699
0.540000 0.260000 0.178248
0.560000 0.260000 0.190854
0.580000 0.260000 0.203453
0.600000 0.260000 0.215983
0.620000 0.260000 0.228379
0.640000 0.260000 0.240579
0.660000 0.260000 0.252520
0.680000 0.260000 0.264140
0.700000 0.260000 0.275380
0.720000 0.260000 0.286179
0.740000 0.260000 0.296476
0.760000 0.260000 0.306205
0.780000 0.260000 0.315290
0.800000 0.260000 0.323625
0.820000 0.260000 0.331044
0.840000 0.260000 0.337242
0.860000 0.260000 0.341610
0.880000 0.260000 0.342888
0.900000 0.260000 0.338406
0.920000 0.260000 0.322473
0.940000 0.260000 0.282936
0.960000 0.260000 0.193860
0.980000 0.260000 0.000000

0.000000 0.240000 0.000000
0.020000 0.240000 0.000317
0.040000 0.240000 0.000884
0.060000 0.240000 0.001790
0.080000 0.240000 0.003126
0.100000 0.240000 0.004983
0.120000 0.240000 0.007444
0.140000 0.240000 0.010579
0.160000 0.240000 0.014448
0.180000 0.240000 0.019093
0.200000 0.240000 0.024545
0.220000 0.240000 0.030820
0.240000 0.240000 0.037920
0.260000 0.240000 0.045837
0.280000 0.240000 0.054550
0.300000 0.240000 0.064031
0.320000 0.240000 0.074241
0.340000 0.240000 0.085136
0.360000 0.240000 0.096665
0.380000 0.240000 0.108772
0.400000 0.240000 0.121396
0.420000 0.240000 0.134472
0.440000 0.240000 0.147932
0.460000 0.240000 0.161707
0.480000 0.240000 0.175723
0.500000 0.240000 0.189909
0.520000 0.240000 0.204188
0.540000 0.240000 0.218487
0.560000 0.240000 0.232731
0.580000 0.240000 0.246845
0.600000 0.240000 0.260755
0.620000 0.240000 0.274389
0.640000 0.240000 0.287675
0.660000 0.240000 0.300544
0.680000 0.240000 0.312927
0.700000 0.240000 0.324759
0.720000 0.240000 0.335974
0.740000 0.240000 0.346507
0.760000 0.240000 0.356288
0.780000 0.240000 0.365236
0.800000 0.240000 0.373243
0.820000 0.240000 0.380131
0.840000 0.240000 0.385574
0.860000 0.240000 0.388917
0.880000 0.240000 0.388788
0.900000 0.240000 0.382261
0.920000 0.240000 0.363063
0.940000 0.240000 0.317720
0.960000 0.240000 0.217326
0.980000 0.240000 0.000000

0.000000 0.220000 0.000000
0.020000 0.220000 0.000475
0.040000 0.220000 0.001317
0.060000 0.220000 0.002648
0.080000 0.220000 0.004587
0.100000 0.220000 0.007244
0.120000 0.220000 0.010712
0.140000 0.220000 0.015065
0.160000 0.220000 0.020359
0.180000 0.220000 0.026626
0.200000 0.220000 0.033882
0.220000 0.220000 0.042125
0.240000 0.220000 0.051338
0.260000 0.220000 0.061489
0.280000 0.220000 0.072538
0.300000 0.220000 0.084431
0.320000 0.220000 0.097109
0.340000 0.220000 0.110506
0.360000 0.220000 0.124548
0.380000 0.220000 0.139158
0.400000 0.220000 0.154257
0.420000 0.220000 0.169759
0.440000 0.220000 0.185580
0.460000 0.220000 0.201632
0.480000 0.220000 0.217828
0.500000 0.220000 0.234078
0.520000 0.220000 0.250294
0.540000 0.220000 0.266389
0.560000 0.220000 0.282275
0.580000 0.220000 0.297868
0.600000 0.220000 0.313084
0.620000 0.220000 0.327842
0.640000 0.220000 0.342061
0.660000 0.220000 0.355667
0.680000 0.220000 0.368585
0.700000 0.220000 0.380744
0.720000 0.220000 0.392076
0.740000 0.220000 0.402512
0.760000 0.220000 0.411981
0.780000 0.220000 0.420401
0.800000 0.220000 0.427658
0.820000 0.220000 0.433570
0.840000 0.220000 0.437793
0.860000 0.220000 0.439628
0.880000 0.220000 0.437599
0.900000 0.220000 0.428534
0.920000 0.220000 0.405583
0.940000 0.220000 0.353940
0.960000 0.220000 0.241664
0.980000 0.220000 0.000000

0.000000 0.200000 0.000000
0.020000 0.200000 0.000715
0.040000 0.200000 0.001972
0.060000 0.200000 0.003934
0.080000 0.200000 0.006750
0.100000 0.200000 0.010546
0.120000 0.200000 0.015419
0.140000 0.200000 0.021438
0.160000 0.200000 0.028643
0.180000 0.200000 0.037045
0.200000 0.200000 0.046634
0.220000 0.200000 0.057380
0.240000 0.200000 0.069238
0.260000 0.200000 0.082145
0.280000 0.200000 0.096032
0.300000 0.200000 0.110817
0.320000 0.200000 0.126414
0.340000 0.200000 0.142729
0.360000 0.200000 0.159664
0.380000 0.200000 0.177120
0.400000 0.200000 0.194992
0.420000 0.200000 0.213177
0.440000 0.200000 0.231569
0.460000 0.200000 0.250064
0.480000 0.200000 0.268556
0.500000 0.200000 0.286941
0.520000 0.200000 0.305117
0.540000 0.200000 0.322983
0.560000 0.200000 0.340441
0.580000 0.200000 0.357395
0.600000 0.200000 0.373753
0.620000 0.200000 0.389426
0.640000 0.200000 0.404328
0.660000 0.200000 0.418376
0.680000 0.200000 0.431494
0.700000 0.200000 0.443608
0.720000 0.200000 0.454646
0.740000 0.200000 0.464541
0.760000 0.200000 0.473221
0.780000 0.200000 0.480603
0.800000 0.200000 0.486576
0.820000 0.200000 0.490953
0.840000 0.200000 0.493378
0.860000 0.200000 0.493119
0.880000 0.200000 0.488605
0.900000 0.200000 0.476438
0.920000 0.200000 0.449215
0.940000 0.200000 0.390833
0.960000 0.200000 0.266329
0.980000 0.200000 0.000000

0.000000 0.180000 0.000000
0.020000 0.180000 0.001084
0.040000 0.180000 0.002970
0.060000 0.180000 0.005870
0.080000 0.180000 0.009960
0.100000 0.180000 0.015372
0.120000 0.180000 0.022195
0.140000 0.180000 0.030474
0.160000 0.180000 0.040216
0.180000 0.180000 0.051397
0.200000 0.180000 0.063968
0.220000 0.180000 0.077857
0.240000 0.180000 0.092980
0.260000 0.180000 0.109238
0.280000 0.180000 0.126524
0.300000 0.180000 0.144722
0.320000 0.180000 0.163713
0.340000 0.180000 0.183375
0.360000 0.180000 0.203582
0.380000 0.180000 0.224208
0.400000 0.180000 0.245126
0.420000 0.180000 0.266210
0.440000 0.180000 0.287333
0.460000 0.180000 0.308374
0.480000 0.180000 0.329209
0.500000 0.180000 0.349720
0.520000 0.180000 0.369790
0.540000 0.180000 0.389308
0.560000 0.180000 0.408164
0.580000 0.180000 0.426254
0.600000 0.180000 0.443478
0.620000 0.180000 0.459740
0.640000 0.180000 0.474949
0.660000 0.180000 0.489022
0.680000 0.180000 0.501877
0.700000 0.180000 0.513442
0.720000 0.180000 0.523645
0.740000 0.180000 0.532420
0.760000 0.180000 0.539700
0.780000 0.180000 0.545405
0.800000 0.180000 0.549427
0.820000 0.180000 0.551583
0.840000 0.180000 0.551510
0.860000 0.180000 0.548453
0.880000 0.180000 0.540768
0.900000 0.180000 0.524859
0.920000 0.180000 0.492827
0.940000 0.180000 0.427357
0.960000 0.180000 0.290587
0.980000 0.180000 0.000001

0.000000 0.160000 0.000001
0.020000 0.160000 0.001657
0.040000 0.160000 0.004504
0.060000 0.160000 0.008800
0.080000 0.160000 0.014737
0.100000 0.160000 0.022432
0.120000 0.160000 0.031937
0.140000 0.160000 0.043249
0.160000 0.160000 0.056322
0.180000 0.160000 0.071074
0.200000 0.160000 0.087400
0.220000 0.160000 0.105177
0.240000 0.160000 0.124271
0.260000 0.160000 0.144535
0.280000 0.160000 0.165821
0.300000 0.160000 0.187975
0.320000 0.160000 0.210843
0.340000 0.160000 0.234268
0.360000 0.160000 0.258097
0.380000 0.160000 0.282176
0.400000 0.160000 0.306354
0.420000 0.160000 0.330483
0.440000 0.160000 0.354417
0.460000 0.160000 0.378015
0.480000 0.160000 0.401140
0.500000 0.160000 0.423657
0.520000 0.160000 0.445440
0.540000 0.160000 0.466365
0.560000 0.160000 0.486315
0.580000 0.160000 0.505178
0.600000 0.160000 0.522849
0.620000 0.160000 0.539228
0.640000 0.160000 0.554224
0.660000 0.160000 0.567750
0.680000 0.160000 0.579728
0.700000 0.160000 0.590086
0.720000 0.160000 0.598758
0.740000 0.160000 0.605683
0.760000 0.160000 0.610800
0.780000 0.160000 0.614038
0.800000 0.160000 0.615297
0.820000 0.160000 0.614401
0.840000 0.160000 0.610995
0.860000 0.160000 0.604310
0.880000 0.160000 0.592659
0.900000 0.160000 0.572296
0.920000 0.160000 0.534913
0.940000 0.160000 0.462139
0.960000 0.160000 0.313476
0.980000 0.160000 0.000003

0.000000 0.140000 0.000004
0.020000 0.140000 0.002560
0.040000 0.140000 0.006882
0.060000 0.140000 0.013260
0.080000 0.140000 0.021865
0.100000 0.140000 0.032757
0.120000 0.140000 0.045913
0.140000 0.140000 0.061246
0.160000 0.140000 0.078626
0.180000 0.140000 0.097895
0.200000 0.140000 0.118875
0.220000 0.140000 0.141378
0.240000 0.140000 0.165212
0.260000 0.140000 0.190178
0.280000 0.140000 0.216081
0.300000 0.140000 0.242728
0.320000 0.140000 0.269924
0.340000 0.140000 0.297484
0.360000 0.140000 0.325221
0.380000 0.140000 0.352958
0.400000 0.140000 0.380518
0.420000 0.140000 0.407733
0.440000 0.140000 0.434440
0.460000 0.140000 0.460480
0.480000 0.140000 0.485703
0.500000 0.140000 0.509963
0.520000 0.140000 0.533123
0.540000 0.140000 0.555052
0.560000 0.140000 0.575626
0.580000 0.140000 0.594731
0.600000 0.140000 0.612258
0.620000 0.140000 0.628108
0.640000 0.140000 0.642191
0.660000 0.140000 0.654422
0.680000 0.140000 0.664730
0.700000 0.140000 0.673047
0.720000 0.140000 0.679317
0.740000 0.140000 0.683487
0.760000 0.140000 0.685508
0.780000 0.140000 0.685322
0.800000 0.140000 0.682843
0.820000 0.140000 0.677911
0.840000 0.140000 0.670187
0.860000 0.140000 0.658913
0.880000 0.140000 0.642388
0.900000 0.140000 0.616787
0.920000 0.140000 0.573526
0.940000 0.140000 0.493417
0.960000 0.140000 0.333767
0.980000 0.140000 0.000011

0.000000 0.120000 0.000012
0.020000 0.120000 0.004006
0.040000 0.120000 0.010610
0.060000 0.120000 0.020089
0.080000 0.120000 0.032522
0.100000 0.120000 0.047845
0.120000 0.120000 0.065900
0.140000 0.120000 0.086477
0.160000 0.120000 0.109332
0.180000 0.120000 0.134209
0.200000 0.120000 0.160844
0.220000 0.120000 0.188978
0.240000 0.120000 0.218352
0.260000 0.120000 0.248717
0.280000 0.120000 0.279830
0.300000 0.120000 0.311454
0.320000 0.120000 0.343361
0.340000 0.120000 0.375334
0.360000 0.120000 0.407159
0.380000 0.120000 0.438633
0.400000 0.120000 0.469561
0.420000 0.120000 0.499755
0.440000 0.120000 0.529035
0.460000 0.120000 0.557233
0.480000 0.120000 0.584184
0.500000 0.120000 0.609737
0.520000 0.120000 0.633748
0.540000 0.120000 0.656081
0.560000 0.120000 0.676610
0.580000 0.120000 0.695222
0.600000 0.120000 0.711809
0.620000 0.120000 0.726277
0.640000 0.120000 0.738541
0.660000 0.120000 0.748524
0.680000 0.120000 0.756164
0.700000 0.120000 0.761405
0.720000 0.120000 0.764203
0.740000 0.120000 0.764520
0.760000 0.120000 0.762323
0.780000 0.120000 0.757574
0.800000 0.120000 0.750208
0.820000 0.120000 0.740090
0.840000 0.120000 0.726908
0.860000 0.120000 0.709940
0.880000 0.120000 0.687521
0.900000 0.120000 0.655836
0.920000 0.120000 0.606204
0.940000 0.120000 0.518976
0.960000 0.120000 0.349922
0.980000 0.120000 0.000034

0.000000 0.100000 0.000038
0.020000 0.100000 0.006371
0.040000 0.100000 0.016523
0.060000 0.100000 0.030605
0.080000 0.100000 0.048474
0.100000 0.100000 0.069842
0.120000 0.100000 0.094355
0.140000 0.100000 0.121635
0.160000 0.100000 0.151302
0.180000 0.100000 0.182988
0.200000 0.100000 0.216341
0.220000 0.100000 0.251024
0.240000 0.100000 0.286719
0.260000 0.100000 0.323125
0.280000 0.100000 0.359955
0.300000 0.100000 0.396936
0.320000 0.100000 0.433809
0.340000 0.100000 0.470327
0.360000 0.100000 0.506256
0.380000 0.100000 0.541372
0.400000 0.100000 0.575462
0.420000 0.100000 0.608326
0.440000 0.100000 0.639773
0.460000 0.100000 0.669624
0.480000 0.100000 0.697711
0.500000 0.100000 0.723877
0.520000 0.100000 0.747977
0.540000 0.100000 0.769876
0.560000 0.100000 0.789452
0.580000 0.100000 0.806595
0.600000 0.100000 0.821207
0.620000 0.100000 0.833200
0.640000 0.100000 0.842502
0.660000 0.100000 0.849050
0.680000 0.100000 0.852795
0.700000 0.100000 0.853700
0.720000 0.100000 0.851738
0.740000 0.100000 0.846893
0.760000 0.100000 0.839155
0.780000 0.100000 0.828509
0.800000 0.100000 0.814922
0.820000 0.100000 0.798291
0.840000 0.100000 0.778353
0.860000 0.100000 0.754447
0.880000 0.100000 0.725000
0.900000 0.100000 0.686326
0.920000 0.100000 0.629893
0.940000 0.100000 0.536079
0.960000 0.100000 0.360056
0.980000 0.100000 0.000104

0.000000 0.080000 0.000125
0.020000 0.080000 0.010337
0.040000 0.080000 0.026027
0.060000 0.080000 0.046878
0.080000 0.080000 0.072337
0.100000 0.080000 0.101784
0.120000 0.080000 0.134612
0.140000 0.080000 0.170249
0.160000 0.080000 0.208175
0.180000 0.080000 0.247914
0.200000 0.080000 0.289029
0.220000 0.080000 0.331120
0.240000 0.080000 0.373817
0.260000 0.080000 0.416777
0.280000 0.080000 0.459678
0.300000 0.080000 0.502218
0.320000 0.080000 0.544114
0.340000 0.080000 0.585098
0.360000 0.080000 0.624920
0.380000 0.080000 0.663342
0.400000 0.080000 0.700141
0.420000 0.080000 0.735108
0.440000 0.080000 0.768049
0.460000 0.080000 0.798779
0.480000 0.080000 0.827133
0.500000 0.080000 0.852954
0.520000 0.080000 0.876101
0.540000 0.080000 0.896449
0.560000 0.080000 0.913882
0.580000 0.080000 0.928303
0.600000 0.080000 0.939627
0.620000 0.080000 0.947782
0.640000 0.080000 0.952714
0.660000 0.080000 0.954379
0.680000 0.080000 0.952750
0.700000 0.080000 0.947814
0.720000 0.080000 0.939569
0.740000 0.080000 0.928028
0.760000 0.080000 0.913208
0.780000 0.080000 0.895130
0.800000 0.080000 0.873797
0.820000 0.080000 0.849154
0.840000 0.080000 0.820998
0.860000 0.080000 0.788768
0.880000 0.080000 0.751051
0.900000 0.080000 0.704438
0.920000 0.080000 0.640862
0.940000 0.080000 0.541389
0.960000 0.080000 0.361886
0.980000 0.080000 0.000318

0.000000 0.060000 0.000415
0.020000 0.060000 0.017204
0.040000 0.060000 0.041506
0.060000 0.060000 0.072138
0.080000 0.060000 0.107937
0.100000 0.060000 0.147879
0.120000 0.060000 0.191090
0.140000 0.060000 0.236830
0.160000 0.060000 0.284459
0.180000 0.060000 0.333420
0.200000 0.060000 0.383219
0.220000 0.060000 0.433412
0.240000 0.060000 0.483596
0.260000 0.060000 0.533400
0.280000 0.060000 0.582480
0.300000 0.060000 0.630518
0.320000 0.060000 0.677217
0.340000 0.060000 0.722298
0.360000 0.060000 0.765503
0.380000 0.060000 0.806587
0.400000 0.060000 0.845326
0.420000 0.060000 0.881510
0.440000 0.060000 0.914945
0.460000 0.060000 0.945454
0.480000 0.060000 0.972876
0.500000 0.060000 0.997066
0.520000 0.060000 1.017893
0.540000 0.060000 1.035246
0.560000 0.060000 1.049027
0.580000 0.060000 1.059156
0.600000 0.060000 1.065571
0.620000 0.060000 1.068222
0.640000 0.060000 1.067081
0.660000 0.060000 1.062131
0.680000 0.060000 1.053376
0.700000 0.060000 1.040833
0.720000 0.060000 1.024534
0.740000 0.060000 1.004526
0.760000 0.060000 0.980866
0.780000 0.060000 0.953614
0.800000 0.060000 0.922821
0.820000 0.060000 0.888492
0.840000 0.060000 0.850506
0.860000 0.060000 0.808435
0.880000 0.060000 0.761104
0.900000 0.060000 0.705561
0.920000 0.060000 0.634604
0.940000 0.060000 0.530864
0.960000 0.060000 0.352688
0.980000 0.060000 0.000951

0.000000 0.040000 0.001410
0.020000 0.040000 0.029537
0.040000 0.040000 0.067012
0.060000 0.040000 0.111351
0.080000 0.040000 0.160726
0.100000 0.040000 0.213780
0.120000 0.040000 0.269468
0.140000 0.040000 0.326956
0.160000 0.040000 0.385557
0.180000 0.040000 0.444682
0.200000 0.040000 0.503820
0.220000 0.040000 0.562515
0.240000 0.040000 0.620353
0.260000 0.040000 0.676957
0.280000 0.040000 0.731979
0.300000 0.040000 0.785098
0.320000 0.040000 0.836013
0.340000 0.040000 0.884449
0.360000 0.040000 0.930146
0.380000 0.040000 0.972866
0.400000 0.040000 1.012390
0.420000 0.040000 1.048515
0.440000 0.040000 1.081061
0.460000 0.040000 1.109861
0.480000 0.040000 1.134771
0.500000 0.040000 1.155662
0.520000 0.040000 1.172426
0.540000 0.040000 1.184974
0.560000 0.040000 1.193232
0.580000 0.040000 1.197150
0.600000 0.040000 1.196693
0.620000 0.040000 1.191846
0.640000 0.040000 1.182612
0.660000 0.040000 1.169014
0.680000 0.040000 1.151092
0.700000 0.040000 1.128903
0.720000 0.040000 1.102523
0.740000 0.040000 1.072041
0.760000 0.040000 1.037561
0.780000 0.040000 0.999194
0.800000 0.040000 0.957048
0.820000 0.040000 0.911200
0.840000 0.040000 0.861631
0.860000 0.040000 0.808084
0.880000 0.040000 0.749708
0.900000 0.040000 0.684205
0.920000 0.040000 0.605726
0.940000 0.040000 0.499623
0.960000 0.040000 0.329209
0.980000 0.040000 0.002766

0.000000 0.020000 0.004932
0.020000 0.020000 0.052535
0.040000 0.020000 0.109335
0.060000 0.020000 0.171895
0.080000 0.020000 0.238169
0.100000 0.020000 0.306787
0.120000 0.020000 0.376746
0.140000 0.020000 0.447267
0.160000 0.020000 0.517706
0.180000 0.020000 0.587515
0.200000 0.020000 0.656211
0.220000 0.020000 0.723362
0.240000 0.020000 0.788572
0.260000 0.020000 0.851480
0.280000 0.020000 0.911749
0.300000 0.020000 0.969071
0.320000 0.020000 1.023157
0.340000 0.020000 1.073742
0.360000 0.020000 1.120580
0.380000 0.020000 1.163449
0.400000 0.020000 1.202144
0.420000 0.020000 1.236482
0.440000 0.020000 1.266302
0.460000 0.020000 1.291461
0.480000 0.020000 1.311840
0.500000 0.020000 1.327338
0.520000 0.020000 1.337878
0.540000 0.020000 1.343401
0.560000 0.020000 1.343871
0.580000 0.020000 1.339274
0.600000 0.020000 1.329617
0.620000 0.020000 1.314925
0.640000 0.020000 1.295247
0.660000 0.020000 1.270651
0.680000 0.020000 1.241225
0.700000 0.020000 1.207077
0.720000 0.020000 1.168334
0.740000 0.020000 1.125139
0.760000 0.020000 1.077653
0.780000 0.020000 1.026046
0.800000 0.020000 0.970493
0.820000 0.020000 0.911156
0.840000 0.020000 0.848137
0.860000 0.020000 0.781387
0.880000 0.020000 0.710457
0.900000 0.020000 0.633912
0.920000 0.020000 0.547809
0.940000 0.020000 0.441683
0.960000 0.020000 0.287422
0.980000 0.020000 0.007625

0.000000 0.000000 0.017852
0.020000 0.000000 0.096670
0.040000 0.000000 0.179306
0.060000 0.000000 0.264118
0.080000 0.000000 0.349914
0.100000 0.000000 0.435813
0.120000 0.000000 0.521126
0.140000 0.000000 0.605277
0.160000 0.000000 0.687766
0.180000 0.000000 0.768147
0.200000 0.000000 0.846009
0.220000 0.000000 0.920974
0.240000 0.000000 0.992690
0.260000 0.000000 1.060827
0.280000 0.000000 1.125080
0.300000 0.000000 1.185164
0.320000 0.000000 1.240817
0.340000 0.000000 1.291795
0.360000 0.000000 1.337879
0.380000 0.000000 1.378870
0.400000 0.000000 1.414593
0.420000 0.000000 1.444893
0.440000 0.000000 1.469640
0.460000 0.000000 1.488726
0.480000 0.000000 1.502067
0.500000 0.000000 1.509602
0.520000 0.000000 1.511295
0.540000 0.000000 1.507131
0.560000 0.000000 1.497122
0.580000 0.000000 1.481302
0.600000 0.000000 1.459728
0.620000 0.000000 1.432481
0.640000 0.000000 1.399663
0.660000 0.000000 1.361402
0.680000 0.000000 1.317843
0.700000 0.000000 1.269156
0.720000 0.000000 1.215529
0.740000 0.000000 1.157170
0.760000 0.000000 1.094305
0.780000 0.000000 1.027175
0.800000 0.000000 0.956034
0.820000 0.000000 0.881138
0.840000 0.000000 0.802729
0.860000 0.000000 0.720989
0.880000 0.000000 0.635943
0.900000 0.000000 0.547194
0.920000 0.000000 0.453239
0.940000 0.000000 0.349497
0.960000 0.000000 0.221746
0.980000 0.000000 0.018898

