0.000000 0.980000 0.000442
0.020000 0.980000 0.001907
0.040000 0.980000 0.002971
0.060000 0.980000 0.003840
0.080000 0.980000 0.004592
0.100000 0.980000 0.005266
0.120000 0.980000 0.005882
0.140000 0.980000 0.006454
0.160000 0.980000 0.006989
0.180000 0.980000 0.007495
0.200000 0.980000 0.007975
0.220000 0.980000 0.008434
0.240000 0.980000 0.008874
0.260000 0.980000 0.009298
0.280000 0.980000 0.009707
0.300000 0.980000 0.010103
0.320000 0.980000 0.010487
0.340000 0.980000 0.010859
0.360000 0.980000 0.011221
0.380000 0.980000 0.011572
0.400000 0.980000 0.011913
0.420000 0.980000 0.012245
0.440000 0.980000 0.012566
0.460000 0.980000 0.012877
0.480000 0.980000 0.013177
0.500000 0.980000 0.013465
0.520000 0.980000 0.013741
0.540000 0.980000 0.014002
0.560000 0.980000 0.014249
0.580000 0.980000 0.014477
0.600000 0.980000 0.014686
0.620000 0.980000 0.014873
0.640000 0.980000 0.015032
0.660000 0.980000 0.015161
0.680000 0.980000 0.015255
0.700000 0.980000 0.015306
0.720000 0.980000 0.015307
0.740000 0.980000 0.015249
0.760000 0.980000 0.015121
0.780000 0.980000 0.014909
0.800000 0.980000 0.014597
0.820000 0.980000 0.014163
0.840000 0.980000 0.013582
0.860000 0.980000 0.012821
0.880000 0.980000 0.011839
0.900000 0.980000 0.010582
0.920000 0.980000 0.008976
0.940000 0.980000 0.006914
0.960000 0.980000 0.004227
0.980000 0.980000 0.000593

0.000000 0.960000 0.000764
0.020000 0.960000 0.004354
0.040000 0.960000 0.007280
0.060000 0.960000 0.009776
0.080000 0.960000 0.011979
0.100000 0.960000 0.013967
0.120000 0.960000 0.015794
0.140000 0.960000 0.017492
0.160000 0.960000 0.019085
0.180000 0.960000 0.020593
0.200000 0.960000 0.022026
0.220000 0.960000 0.023397
0.240000 0.960000 0.024713
0.260000 0.960000 0.025980
0.280000 0.960000 0.027204
0.300000 0.960000 0.028388
0.320000 0.960000 0.029536
0.340000 0.960000 0.030650
0.360000 0.960000 0.031732
0.380000 0.960000 0.032784
0.400000 0.960000 0.033806
0.420000 0.960000 0.034799
0.440000 0.960000 0.035761
0.460000 0.960000 0.036692
0.480000 0.960000 0.037591
0.500000 0.960000 0.038455
0.520000 0.960000 0.039281
0.540000 0.960000 0.040066
0.560000 0.960000 0.040804
0.580000 0.960000 0.041490
0.600000 0.960000 0.042116
0.620000 0.960000 0.042675
0.640000 0.960000 0.043154
0.660000 0.960000 0.043541
0.680000 0.960000 0.043821
0.700000 0.960000 0.043974
0.720000 0.960000 0.043978
0.740000 0.960000 0.043806
0.760000 0.960000 0.043423
0.780000 0.960000 0.042790
0.800000 0.960000 0.041856
0.820000 0.960000 0.040559
0.840000 0.960000 0.038823
0.860000 0.960000 0.036551
0.880000 0.960000 0.033622
0.900000 0.960000 0.029877
0.920000 0.960000 0.025103
0.940000 0.960000 0.019006
0.960000 0.960000 0.011154
0.980000 0.960000 0.000863

0.000000 0.940000 0.000891
0.020000 0.940000 0.006045
0.040000 0.940000 0.010493
0.060000 0.940000 0.014415
0.080000 0.940000 0.017940
0.100000 0.940000 0.021158
0.120000 0.940000 0.024134
0.140000 0.940000 0.026914
0.160000 0.940000 0.029532
0.180000 0.940000 0.032013
0.200000 0.940000 0.034378
0.220000 0.940000 0.036642
0.240000 0.940000 0.038818
0.260000 0.940000 0.040915
0.280000 0.940000 0.042942
0.300000 0.940000 0.044905
0.320000 0.940000 0.046809
0.340000 0.940000 0.048658
0.360000 0.940000 0.050454
0.380000 0.940000 0.052201
0.400000 0.940000 0.053898
0.420000 0.940000 0.055547
0.440000 0.940000 0.057146
0.460000 0.940000 0.058695
0.480000 0.940000 0.060189
0.500000 0.940000 0.061625
0.520000 0.940000 0.063000
0.540000 0.940000 0.064305
0.560000 0.940000 0.065533
0.580000 0.940000 0.066675
0.600000 0.940000 0.067717
0.620000 0.940000 0.068646
0.640000 0.940000 0.069444
0.660000 0.940000 0.070089
0.680000 0.940000 0.070556
0.700000 0.940000 0.070812
0.720000 0.940000 0.070822
0.740000 0.940000 0.070538
0.760000 0.940000 0.069906
0.780000 0.940000 0.068857
0.800000 0.940000 0.067311
0.820000 0.940000 0.065165
0.840000 0.940000 0.062294
0.860000 0.940000 0.058542
0.880000 0.940000 0.053710
0.900000 0.940000 0.047546
0.920000 0.940000 0.039719
0.940000 0.940000 0.029786
0.960000 0.940000 0.017141
0.980000 0.940000 0.000927

0.000000 0.920000 0.000932
0.020000 0.920000 0.007281
0.040000 0.920000 0.012960
0.060000 0.920000 0.018093
0.080000 0.920000 0.022786
0.100000 0.920000 0.027120
0.120000 0.920000 0.031161
0.140000 0.920000 0.034957
0.160000 0.920000 0.038546
0.180000 0.920000 0.041960
0.200000 0.920000 0.045222
0.220000 0.920000 0.048350
0.240000 0.920000 0.051362
0.260000 0.920000 0.054268
0.280000 0.920000 0.057080
0.300000 0.920000 0.059806
0.320000 0.920000 0.062452
0.340000 0.920000 0.065024
0.360000 0.920000 0.067524
0.380000 0.920000 0.069956
0.400000 0.920000 0.072321
0.420000 0.920000 0.074619
0.440000 0.920000 0.076848
0.460000 0.920000 0.079007
0.480000 0.920000 0.081092
0.500000 0.920000 0.083096
0.520000 0.920000 0.085014
0.540000 0.920000 0.086836
0.560000 0.920000 0.088551
0.580000 0.920000 0.090146
0.600000 0.920000 0.091602
0.620000 0.920000 0.092900
0.640000 0.920000 0.094016
0.660000 0.920000 0.094919
0.680000 0.920000 0.095573
0.700000 0.920000 0.095934
0.720000 0.920000 0.095952
0.740000 0.920000 0.095561
0.760000 0.920000 0.094687
0.780000 0.920000 0.093234
0.800000 0.920000 0.091091
0.820000 0.920000 0.088118
0.840000 0.920000 0.084144
0.860000 0.920000 0.078956
0.880000 0.920000 0.072288
0.900000 0.920000 0.063805
0.920000 0.920000 0.053076
0.940000 0.920000 0.039547
0.960000 0.920000 0.022489
0.980000 0.920000 0.000943

0.000000 0.900000 0.000943
0.020000 0.900000 0.008226
0.040000 0.900000 0.014903
0.060000 0.900000 0.021055
0.080000 0.900000 0.026762
0.100000 0.900000 0.032091
0.120000 0.900000 0.037099
0.140000 0.900000 0.041833
0.160000 0.900000 0.046330
0.180000 0.900000 0.050624
0.200000 0.900000 0.054738
0.220000 0.900000 0.058694
0.240000 0.900000 0.062509
0.260000 0.900000 0.066198
0.280000 0.900000 0.069771
0.300000 0.900000 0.073239
0.320000 0.900000 0.076610
0.340000 0.900000 0.079888
0.360000 0.900000 0.083077
0.380000 0.900000 0.086182
0.400000 0.900000 0.089203
0.420000 0.900000 0.092140
0.440000 0.900000 0.094990
0.460000 0.900000 0.097752
0.480000 0.900000 0.100419
0.500000 0.900000 0.102986
0.520000 0.900000 0.105441
0.540000 0.900000 0.107775
0.560000 0.900000 0.109973
0.580000 0.900000 0.112016
0.600000 0.900000 0.113883
0.620000 0.900000 0.115549
0.640000 0.900000 0.116980
0.660000 0.900000 0.118140
0.680000 0.900000 0.118982
0.700000 0.900000 0.119451
0.720000 0.900000 0.119481
0.740000 0.900000 0.118990
0.760000 0.900000 0.117883
0.780000 0.900000 0.116041
0.800000 0.900000 0.113321
0.820000 0.900000 0.109549
0.840000 0.900000 0.104511
0.860000 0.900000 0.097943
0.880000 0.900000 0.089519
0.900000 0.900000 0.078831
0.920000 0.900000 0.065367
0.940000 0.900000 0.048482
0.960000 0.900000 0.027355
0.980000 0.900000 0.000947

0.000000 0.880000 0.000947
0.020000 0.880000 0.008975
0.040000 0.880000 0.016467
0.060000 0.880000 0.023476
0.080000 0.880000 0.030057
0.100000 0.880000 0.036262
0.120000 0.880000 0.042138
0.140000 0.880000 0.047727
0.160000 0.880000 0.053063
0.180000 0.880000 0.058177
0.200000 0.880000 0.063093
0.220000 0.880000 0.067834
0.240000 0.880000 0.072415
0.260000 0.880000 0.076854
0.280000 0.880000 0.081160
0.300000 0.880000 0.085346
0.320000 0.880000 0.089418
0.340000 0.880000 0.093383
0.360000 0.880000 0.097245
0.380000 0.880000 0.101007
0.400000 0.880000 0.104670
0.420000 0.880000 0.108233
0.440000 0.880000 0.111694
0.460000 0.880000 0.115049
0.480000 0.880000 0.118290
0.500000 0.880000 0.121410
0.520000 0.880000 0.124397
0.540000 0.880000 0.127236
0.560000 0.880000 0.129910
0.580000 0.880000 0.132398
0.600000 0.880000 0.134672
0.620000 0.880000 0.136702
0.640000 0.880000 0.138448
0.660000 0.880000 0.139864
0.680000 0.880000 0.140895
0.700000 0.880000 0.141473
0.720000 0.880000 0.141520
0.740000 0.880000 0.140937
0.760000 0.880000 0.139608
0.780000 0.880000 0.137393
0.800000 0.880000 0.134120
0.820000 0.880000 0.129581
0.840000 0.880000 0.123524
0.860000 0.880000 0.115639
0.880000 0.880000 0.105545
0.900000 0.880000 0.092772
0.920000 0.880000 0.076739
0.940000 0.880000 0.056724
0.960000 0.880000 0.031831
0.980000 0.880000 0.000948

0.000000 0.860000 0.000948
0.020000 0.860000 0.009583
0.040000 0.860000 0.017750
0.060000 0.860000 0.025481
0.080000 0.860000 0.032813
0.100000 0.860000 0.039786
0.120000 0.860000 0.046436
0.140000 0.860000 0.052797
0.160000 0.860000 0.058901
0.180000 0.860000 0.064774
0.200000 0.860000 0.070440
0.220000 0.860000 0.075917
0.240000 0.860000 0.081225
0.260000 0.860000 0.086377
0.280000 0.860000 0.091385
0.300000 0.860000 0.096260
0.320000 0.860000 0.101010
0.340000 0.860000 0.105639
0.360000 0.860000 0.110154
0.380000 0.860000 0.114555
0.400000 0.860000 0.118845
0.420000 0.860000 0.123020
0.440000 0.860000 0.127078
0.460000 0.860000 0.131014
0.480000 0.860000 0.134819
0.500000 0.860000 0.138483
0.520000 0.860000 0.141993
0.540000 0.860000 0.145330
0.560000 0.860000 0.148475
0.580000 0.860000 0.151401
0.600000 0.860000 0.154078
0.620000 0.860000 0.156468
0.640000 0.860000 0.158526
0.660000 0.860000 0.160198
0.680000 0.860000 0.161418
0.700000 0.860000 0.162109
0.720000 0.860000 0.162178
0.740000 0.860000 0.161511
0.760000 0.860000 0.159974
0.780000 0.860000 0.157403
0.800000 0.860000 0.153602
0.820000 0.860000 0.148332
0.840000 0.860000 0.141305
0.860000 0.860000 0.132168
0.880000 0.860000 0.120492
0.900000 0.860000 0.105753
0.920000 0.860000 0.087308
0.940000 0.860000 0.064371
0.960000 0.860000 0.035977
0.980000 0.860000 0.000948

0.000000 0.840000 0.000948
0.020000 0.840000 0.010087
0.040000 0.840000 0.018818
0.060000 0.840000 0.027161
0.080000 0.840000 0.035141
0.100000 0.840000 0.042785
0.120000 0.840000 0.050122
0.140000 0.840000 0.057179
0.160000 0.840000 0.063981
0.180000 0.840000 0.070552
0.200000 0.840000 0.076912
0.220000 0.840000 0.083080
0.240000 0.840000 0.089070
0.260000 0.840000 0.094898
0.280000 0.840000 0.100575
0.300000 0.840000 0.106109
0.320000 0.840000 0.111509
0.340000 0.840000 0.116779
0.360000 0.840000 0.121925
0.380000 0.840000 0.126947
0.400000 0.840000 0.131845
0.420000 0.840000 0.136617
0.440000 0.840000 0.141258
0.460000 0.840000 0.145762
0.480000 0.840000 0.150120
0.500000 0.840000 0.154318
0.520000 0.840000 0.158340
0.540000 0.840000 0.162168
0.560000 0.840000 0.165776
0.580000 0.840000 0.169135
0.600000 0.840000 0.172209
0.620000 0.840000 0.174956
0.640000 0.840000 0.177323
0.660000 0.840000 0.179249
0.680000 0.840000 0.180659
0.700000 0.840000 0.181466
0.720000 0.840000 0.181562
0.740000 0.840000 0.180820
0.760000 0.840000 0.179088
0.780000 0.840000 0.176181
0.800000 0.840000 0.171878
0.820000 0.840000 0.165913
0.840000 0.840000 0.157964
0.860000 0.840000 0.147640
0.880000 0.840000 0.134469
0.900000 0.840000 0.117877
0.920000 0.840000 0.097169
0.940000 0.840000 0.071498
0.960000 0.840000 0.039838
0.980000 0.840000 0.000948

0.000000 0.820000 0.000948
0.020000 0.820000 0.010510
0.040000 0.820000 0.019718
0.060000 0.820000 0.028585
0.080000 0.820000 0.037125
0.100000 0.820000 0.045357
0.120000 0.820000 0.053304
0.140000 0.820000 0.060984
0.160000 0.820000 0.068420
0.180000 0.820000 0.075630
0.200000 0.820000 0.082632
0.220000 0.820000 0.089441
0.240000 0.820000 0.096073
0.260000 0.820000 0.102538
0.280000 0.820000 0.108848
0.300000 0.820000 0.115011
0.320000 0.820000 0.121033
0.340000 0.820000 0.126919
0.360000 0.820000 0.132673
0.380000 0.820000 0.138295
0.400000 0.820000 0.143783
0.420000 0.820000 0.149135
0.440000 0.820000 0.154345
0.460000 0.820000 0.159404
0.480000 0.820000 0.164301
0.500000 0.820000 0.169022
0.520000 0.820000 0.173548
0.540000 0.820000 0.177857
0.560000 0.820000 0.181920
0.580000 0.820000 0.185705
0.600000 0.820000 0.189171
0.620000 0.820000 0.192270
0.640000 0.820000 0.194943
0.660000 0.820000 0.197122
0.680000 0.820000 0.198723
0.700000 0.820000 0.199647
0.720000 0.820000 0.199776
0.740000 0.820000 0.198968
0.760000 0.820000 0.197054
0.780000 0.820000 0.193830
0.800000 0.820000 0.189053
0.820000 0.820000 0.182429
0.840000 0.820000 0.173605
0.860000 0.820000 0.162158
0.880000 0.820000 0.147574
0.900000 0.820000 0.129236
0.920000 0.820000 0.106400
0.940000 0.820000 0.078165
0.960000 0.820000 0.043449
0.980000 0.820000 0.000948

0.000000 0.800000 0.000948
0.020000 0.800000 0.010869
0.040000 0.800000 0.020486
0.060000 0.800000 0.029803
0.080000 0.800000 0.038830
0.100000 0.800000 0.047580
0.120000 0.800000 0.056067
0.140000 0.800000 0.064308
0.160000 0.800000 0.072317
0.180000 0.800000 0.080112
0.200000 0.800000 0.087705
0.220000 0.800000 0.095111
0.240000 0.800000 0.102341
0.260000 0.800000 0.109407
0.280000 0.800000 0.116316
0.300000 0.800000 0.123076
0.320000 0.800000 0.129693
0.340000 0.800000 0.136170
0.360000 0.800000 0.142509
0.380000 0.800000 0.148709
0.400000 0.800000 0.154769
0.420000 0.800000 0.160684
0.440000 0.800000 0.166447
0.460000 0.800000 0.172046
0.480000 0.800000 0.177471
0.500000 0.800000 0.182703
0.520000 0.800000 0.187722
0.540000 0.800000 0.192502
0.560000 0.800000 0.197013
0.580000 0.800000 0.201216
0.600000 0.800000 0.205068
0.620000 0.800000 0.208514
0.640000 0.800000 0.211490
0.660000 0.800000 0.213919
0.680000 0.800000 0.215710
0.700000 0.800000 0.216754
0.720000 0.800000 0.216922
0.740000 0.800000 0.216057
0.760000 0.800000 0.213974
0.780000 0.800000 0.210452
0.800000 0.800000 0.205226
0.820000 0.800000 0.197977
0.840000 0.800000 0.188326
0.860000 0.800000 0.175815
0.880000 0.800000 0.159896
0.900000 0.800000 0.139911
0.920000 0.800000 0.115070
0.940000 0.800000 0.084425
0.960000 0.800000 0.046838
0.980000 0.800000 0.000948

0.000000 0.780000 0.000948
0.020000 0.780000 0.011179
0.040000 0.780000 0.021148
0.060000 0.780000 0.030856
0.080000 0.780000 0.040310
0.100000 0.780000 0.049516
0.120000 0.780000 0.058485
0.140000 0.780000 0.067229
0.160000 0.780000 0.075759
0.180000 0.780000 0.084087
0.200000 0.780000 0.092226
0.220000 0.780000 0.100185
0.240000 0.780000 0.107975
0.260000 0.780000 0.115605
0.280000 0.780000 0.123080
0.300000 0.780000 0.130408
0.320000 0.780000 0.137592
0.340000 0.780000 0.144634
0.360000 0.780000 0.151535
0.380000 0.780000 0.158294
0.400000 0.780000 0.164907
0.420000 0.780000 0.171367
0.440000 0.780000 0.177666
0.460000 0.780000 0.183793
0.480000 0.780000 0.189731
0.500000 0.780000 0.195462
0.520000 0.780000 0.200964
0.540000 0.780000 0.206206
0.560000 0.780000 0.211155
0.580000 0.780000 0.215770
0.600000 0.780000 0.220000
0.620000 0.780000 0.223788
0.640000 0.780000 0.227063
0.660000 0.780000 0.229741
0.680000 0.780000 0.231722
0.700000 0.780000 0.232888
0.720000 0.780000 0.233098
0.740000 0.780000 0.232184
0.760000 0.780000 0.229945
0.780000 0.780000 0.226143
0.800000 0.780000 0.220492
0.820000 0.780000 0.212652
0.840000 0.780000 0.202216
0.860000 0.780000 0.188698
0.880000 0.780000 0.171515
0.900000 0.780000 0.149974
0.920000 0.780000 0.123240
0.940000 0.780000 0.090321
0.960000 0.780000 0.050029
0.980000 0.780000 0.000948

0.000000 0.760000 0.000948
0.020000 0.760000 0.011448
0.040000 0.760000 0.021724
0.060000 0.760000 0.031776
0.080000 0.760000 0.041605
0.100000 0.760000 0.051216
0.120000 0.760000 0.060617
0.140000 0.760000 0.069815
0.160000 0.760000 0.078818
0.180000 0.760000 0.087636
0.200000 0.760000 0.096278
0.220000 0.760000 0.104751
0.240000 0.760000 0.113064
0.260000 0.760000 0.121223
0.280000 0.760000 0.129234
0.300000 0.760000 0.137100
0.320000 0.760000 0.144825
0.340000 0.760000 0.152409
0.360000 0.760000 0.159850
0.380000 0.760000 0.167147
0.400000 0.760000 0.174294
0.420000 0.760000 0.181283
0.440000 0.760000 0.188104
0.460000 0.760000 0.194742
0.480000 0.760000 0.201182
0.500000 0.760000 0.207401
0.520000 0.760000 0.213374
0.540000 0.760000 0.219068
0.560000 0.760000 0.224447
0.580000 0.760000 0.229465
0.600000 0.760000 0.234069
0.620000 0.760000 0.238193
0.640000 0.760000 0.241762
0.660000 0.760000 0.244686
0.680000 0.760000 0.246856
0.700000 0.760000 0.248146
0.720000 0.760000 0.248402
0.740000 0.760000 0.247446
0.760000 0.760000 0.245063
0.780000 0.760000 0.240996
0.800000 0.760000 0.234944
0.820000 0.760000 0.226543
0.840000 0.760000 0.215362
0.860000 0.760000 0.200888
0.880000 0.760000 0.182508
0.900000 0.760000 0.159490
0.920000 0.760000 0.130965
0.940000 0.760000 0.095896
0.960000 0.760000 0.053046
0.980000 0.760000 0.000948

0.000000 0.740000 0.000948
0.020000 0.740000 0.011684
0.040000 0.740000 0.022231
0.060000 0.740000 0.032586
0.080000 0.740000 0.042750
0.100000 0.740000 0.052724
0.120000 0.740000 0.062513
0.140000 0.740000 0.072122
0.160000 0.740000 0.081558
0.180000 0.740000 0.090826
0.200000 0.740000 0.099933
0.220000 0.740000 0.108885
0.240000 0.740000 0.117688
0.260000 0.740000 0.126346
0.280000 0.740000 0.134863
0.300000 0.740000 0.143242
0.320000 0.740000 0.151483
0.340000 0.740000 0.159585
0.360000 0.740000 0.167547
0.380000 0.740000 0.175362
0.400000 0.740000 0.183026
0.420000 0.740000 0.190527
0.440000 0.740000 0.197855
0.460000 0.740000 0.204992
0.480000 0.740000 0.211920
0.500000 0.740000 0.218616
0.520000 0.740000 0.225049
0.540000 0.740000 0.231187
0.560000 0.740000 0.236987
0.580000 0.740000 0.242400
0.600000 0.740000 0.247369
0.620000 0.740000 0.251824
0.640000 0.740000 0.255684
0.660000 0.740000 0.258850
0.680000 0.740000 0.261208
0.700000 0.740000 0.262621
0.720000 0.740000 0.262928
0.740000 0.740000 0.261936
0.760000 0.740000 0.259418
0.780000 0.740000 0.255102
0.800000 0.740000 0.248668
0.820000 0.740000 0.239734
0.840000 0.740000 0.227845
0.860000 0.740000 0.212461
0.880000 0.740000 0.192942
0.900000 0.740000 0.168522
0.920000 0.740000 0.138296
0.940000 0.740000 0.101185
0.960000 0.740000 0.055908
0.980000 0.740000 0.000948

0.000000 0.720000 0.000948
0.020000 0.720000 0.011895
0.040000 0.720000 0.022683
0.060000 0.720000 0.033309
0.080000 0.720000 0.043772
0.100000 0.720000 0.054074
0.120000 0.720000 0.064215
0.140000 0.720000 0.074200
0.160000 0.720000 0.084033
0.180000 0.720000 0.093717
0.200000 0.720000 0.103256
0.220000 0.720000 0.112656
0.240000 0.720000 0.121919
0.260000 0.720000 0.131049
0.280000 0.720000 0.140047
0.300000 0.720000 0.148914
0.320000 0.720000 0.157648
0.340000 0.720000 0.166249
0.360000 0.720000 0.174711
0.380000 0.720000 0.183028
0.400000 0.720000 0.191192
0.420000 0.720000 0.199191
0.440000 0.720000 0.207012
0.460000 0.720000 0.214635
0.480000 0.720000 0.222040
0.500000 0.720000 0.229200
0.520000 0.720000 0.236085
0.540000 0.720000 0.242656
0.560000 0.720000 0.248868
0.580000 0.720000 0.254670
0.600000 0.720000 0.259998
0.620000 0.720000 0.264777
0.640000 0.720000 0.268922
0.660000 0.720000 0.272327
0.680000 0.720000 0.274871
0.700000 0.720000 0.276408
0.720000 0.720000 0.276766
0.740000 0.720000 0.275744
0.760000 0.720000 0.273099
0.780000 0.720000 0.268547
0.800000 0.720000 0.261750
0.820000 0.720000 0.252307
0.840000 0.720000 0.239742
0.860000 0.720000 0.223490
0.880000 0.720000 0.202883
0.900000 0.720000 0.177127
0.920000 0.720000 0.145278
0.940000 0.720000 0.106222
0.960000 0.720000 0.058634
0.980000 0.720000 0.000948

0.000000 0.700000 0.000948
0.020000 0.700000 0.012084
0.040000 0.700000 0.023089
0.060000 0.700000 0.033961
0.080000 0.700000 0.044696
0.100000 0.700000 0.055296
0.120000 0.700000 0.065760
0.140000 0.700000 0.076091
0.160000 0.700000 0.086291
0.180000 0.700000 0.096361
0.200000 0.700000 0.106306
0.220000 0.700000 0.116126
0.240000 0.700000 0.125825
0.260000 0.700000 0.135402
0.280000 0.700000 0.144858
0.300000 0.700000 0.154191
0.320000 0.700000 0.163400
0.340000 0.700000 0.172481
0.360000 0.700000 0.181427
0.380000 0.700000 0.190230
0.400000 0.700000 0.198879
0.420000 0.700000 0.207363
0.440000 0.700000 0.215663
0.460000 0.700000 0.223761
0.480000 0.700000 0.231632
0.500000 0.700000 0.239247
0.520000 0.700000 0.246573
0.540000 0.700000 0.253568
0.560000 0.700000 0.260185
0.580000 0.700000 0.266366
0.600000 0.700000 0.272046
0.620000 0.700000 0.277145
0.640000 0.700000 0.281569
0.660000 0.700000 0.285209
0.680000 0.700000 0.287936
0.700000 0.700000 0.289595
0.720000 0.700000 0.290007
0.740000 0.700000 0.288957
0.760000 0.700000 0.286193
0.780000 0.700000 0.281415
0.800000 0.700000 0.274270
0.820000 0.700000 0.264339
0.840000 0.700000 0.251126
0.860000 0.700000 0.234043
0.880000 0.700000 0.212394
0.900000 0.700000 0.185357
0.920000 0.700000 0.151957
0.940000 0.700000 0.111039
0.960000 0.700000 0.061241
0.980000 0.700000 0.000948

0.000000 0.680000 0.000948
0.020000 0.680000 0.012257
0.040000 0.680000 0.023460
0.060000 0.680000 0.034556
0.080000 0.680000 0.045541
0.100000 0.680000 0.056416
0.120000 0.680000 0.067179
0.140000 0.680000 0.077831
0.160000 0.680000 0.088374
0.180000 0.680000 0.098807
0.200000 0.680000 0.109133
0.220000 0.680000 0.119352
0.240000 0.680000 0.129464
0.260000 0.680000 0.139468
0.280000 0.680000 0.149363
0.300000 0.680000 0.159146
0.320000 0.680000 0.168812
0.340000 0.680000 0.178357
0.360000 0.680000 0.187772
0.380000 0.680000 0.197047
0.400000 0.680000 0.206170
0.420000 0.680000 0.215125
0.440000 0.680000 0.223895
0.460000 0.680000 0.232456
0.480000 0.680000 0.240783
0.500000 0.680000 0.248844
0.520000 0.680000 0.256602
0.540000 0.680000 0.264013
0.560000 0.680000 0.271027
0.580000 0.680000 0.277581
0.600000 0.680000 0.283606
0.620000 0.680000 0.289017
0.640000 0.680000 0.293715
0.660000 0.680000 0.297586
0.680000 0.680000 0.300491
0.700000 0.680000 0.302271
0.720000 0.680000 0.302736
0.740000 0.680000 0.301661
0.760000 0.680000 0.298782
0.780000 0.680000 0.293787
0.800000 0.680000 0.286307
0.820000 0.680000 0.275906
0.840000 0.680000 0.262068
0.860000 0.680000 0.244184
0.880000 0.680000 0.221533
0.900000 0.680000 0.193265
0.920000 0.680000 0.158372
0.940000 0.680000 0.115667
0.960000 0.680000 0.063744
0.980000 0.680000 0.000948

0.000000 0.660000 0.000948
0.020000 0.660000 0.012417
0.040000 0.660000 0.023804
0.060000 0.660000 0.035108
0.080000 0.660000 0.046325
0.100000 0.660000 0.057456
0.120000 0.660000 0.068499
0.140000 0.660000 0.079453
0.160000 0.660000 0.090320
0.180000 0.660000 0.101097
0.200000 0.660000 0.111786
0.220000 0.660000 0.122385
0.240000 0.660000 0.132893
0.260000 0.660000 0.143308
0.280000 0.660000 0.153626
0.300000 0.660000 0.163844
0.320000 0.660000 0.173954
0.340000 0.660000 0.183950
0.360000 0.660000 0.193822
0.380000 0.660000 0.203558
0.400000 0.660000 0.213143
0.420000 0.660000 0.222561
0.440000 0.660000 0.231790
0.460000 0.660000 0.240806
0.480000 0.660000 0.249581
0.500000 0.660000 0.258079
0.520000 0.660000 0.266262
0.540000 0.660000 0.274081
0.560000 0.660000 0.281483
0.580000 0.660000 0.288403
0.600000 0.660000 0.294766
0.620000 0.660000 0.300482
0.640000 0.660000 0.305449
0.660000 0.660000 0.309545
0.680000 0.660000 0.312625
0.700000 0.660000 0.314523
0.720000 0.660000 0.315038
0.740000 0.660000 0.313939
0.760000 0.660000 0.310948
0.780000 0.660000 0.305741
0.800000 0.660000 0.297936
0.820000 0.660000 0.287078
0.840000 0.660000 0.272635
0.860000 0.660000 0.253976
0.880000 0.660000 0.230356
0.900000 0.660000 0.200897
0.920000 0.660000 0.164564
0.940000 0.660000 0.120132
0.960000 0.660000 0.066160
0.980000 0.660000 0.000948

0.000000 0.640000 0.000948
0.020000 0.640000 0.012567
0.040000 0.640000 0.024127
0.060000 0.640000 0.035627
0.080000 0.640000 0.047064
0.100000 0.640000 0.058437
0.120000 0.640000 0.069745
0.140000 0.640000 0.080987
0.160000 0.640000 0.092163
0.180000 0.640000 0.103270
0.200000 0.640000 0.114307
0.220000 0.640000 0.125273
0.240000 0.640000 0.136164
0.260000 0.640000 0.146977
0.280000 0.640000 0.157707
0.300000 0.640000 0.168348
0.320000 0.640000 0.178892
0.340000 0.640000 0.189330
0.360000 0.640000 0.199650
0.380000 0.640000 0.209838
0.400000 0.640000 0.219877
0.420000 0.640000 0.229750
0.440000 0.640000 0.239431
0.460000 0.640000 0.248895
0.480000 0.640000 0.258109
0.500000 0.640000 0.267038
0.520000 0.640000 0.275637
0.540000 0.640000 0.283858
0.560000 0.640000 0.291642
0.580000 0.640000 0.298920
0.600000 0.640000 0.305614
0.620000 0.640000 0.311629
0.640000 0.640000 0.316858
0.660000 0.640000 0.321173
0.680000 0.640000 0.324423
0.700000 0.640000 0.326433
0.720000 0.640000 0.326997
0.740000 0.640000 0.325870
0.760000 0.640000 0.322768
0.780000 0.640000 0.317354
0.800000 0.640000 0.309228
0.820000 0.640000 0.297925
0.840000 0.640000 0.282892
0.860000 0.640000 0.263477
0.880000 0.640000 0.238915
0.900000 0.640000 0.208301
0.920000 0.640000 0.170568
0.940000 0.640000 0.124462
0.960000 0.640000 0.068503
0.980000 0.640000 0.000948

0.000000 0.620000 0.000948
0.020000 0.620000 0.012710
0.040000 0.620000 0.024436
0.060000 0.620000 0.036123
0.080000 0.620000 0.047770
0.100000 0.620000 0.059376
0.120000 0.620000 0.070940
0.140000 0.620000 0.082460
0.160000 0.620000 0.093934
0.180000 0.620000 0.105361
0.200000 0.620000 0.116737
0.220000 0.620000 0.128061
0.240000 0.620000 0.139326
0.260000 0.620000 0.150529
0.280000 0.620000 0.161663
0.300000 0.620000 0.172720
0.320000 0.620000 0.183691
0.340000 0.620000 0.194564
0.360000 0.620000 0.205325
0.380000 0.620000 0.215959
0.400000 0.620000 0.226448
0.420000 0.620000 0.236769
0.440000 0.620000 0.246897
0.460000 0.620000 0.256802
0.480000 0.620000 0.266451
0.500000 0.620000 0.275804
0.520000 0.620000 0.284815
0.540000 0.620000 0.293430
0.560000 0.620000 0.301589
0.580000 0.620000 0.309219
0.600000 0.620000 0.316236
0.620000 0.620000 0.322544
0.640000 0.620000 0.328027
0.660000 0.620000 0.332553
0.680000 0.620000 0.335966
0.700000 0.620000 0.338084
0.720000 0.620000 0.338690
0.740000 0.620000 0.337534
0.760000 0.620000 0.334319
0.780000 0.620000 0.328696
0.800000 0.620000 0.320255
0.820000 0.620000 0.308513
0.840000 0.620000 0.292899
0.860000 0.620000 0.272746
0.880000 0.620000 0.247262
0.900000 0.620000 0.215518
0.920000 0.620000 0.176421
0.940000 0.620000 0.128682
0.960000 0.620000 0.070785
0.980000 0.620000 0.000948

0.000000 0.600000 0.000948
0.020000 0.600000 0.012850
0.040000 0.600000 0.024736
0.060000 0.600000 0.036606
0.080000 0.600000 0.048458
0.100000 0.600000 0.060292
0.120000 0.600000 0.072105
0.140000 0.600000 0.083897
0.160000 0.600000 0.095664
0.180000 0.600000 0.107405
0.200000 0.600000 0.119116
0.220000 0.600000 0.130791
0.240000 0.600000 0.142427
0.260000 0.600000 0.154016
0.280000 0.600000 0.165550
0.300000 0.600000 0.177019
0.320000 0.600000 0.188413
0.340000 0.600000 0.199718
0.360000 0.600000 0.210918
0.380000 0.600000 0.221995
0.400000 0.600000 0.232929
0.420000 0.600000 0.243696
0.440000 0.600000 0.254266
0.460000 0.600000 0.264610
0.480000 0.600000 0.274689
0.500000 0.600000 0.284461
0.520000 0.600000 0.293878
0.540000 0.600000 0.302882
0.560000 0.600000 0.311409
0.580000 0.600000 0.319384
0.600000 0.600000 0.326718
0.620000 0.600000 0.333309
0.640000 0.600000 0.339040
0.660000 0.600000 0.343770
0.680000 0.600000 0.347338
0.700000 0.600000 0.349555
0.720000 0.600000 0.350198
0.740000 0.600000 0.349007
0.760000 0.600000 0.345674
0.780000 0.600000 0.339841
0.800000 0.600000 0.331083
0.820000 0.600000 0.318904
0.840000 0.600000 0.302717
0.860000 0.600000 0.281834
0.880000 0.600000 0.255443
0.900000 0.600000 0.222590
0.920000 0.600000 0.182154
0.940000 0.600000 0.132815
0.960000 0.600000 0.073021
0.980000 0.600000 0.000948

0.000000 0.580000 0.000948
0.020000 0.580000 0.012988
0.040000 0.580000 0.025033
0.060000 0.580000 0.037084
0.080000 0.580000 0.049139
0.100000 0.580000 0.061199
0.120000 0.580000 0.073260
0.140000 0.580000 0.085322
0.160000 0.580000 0.097382
0.180000 0.580000 0.109436
0.200000 0.580000 0.121480
0.220000 0.580000 0.133507
0.240000 0.580000 0.145512
0.260000 0.580000 0.157487
0.280000 0.580000 0.169421
0.300000 0.580000 0.181303
0.320000 0.580000 0.193121
0.340000 0.580000 0.204858
0.360000 0.580000 0.216497
0.380000 0.580000 0.228017
0.400000 0.580000 0.239396
0.420000 0.580000 0.250607
0.440000 0.580000 0.261619
0.460000 0.580000 0.272398
0.480000 0.580000 0.282904
0.500000 0.580000 0.293092
0.520000 0.580000 0.302910
0.540000 0.580000 0.312299
0.560000 0.580000 0.321188
0.580000 0.580000 0.329501
0.600000 0.580000 0.337144
0.620000 0.580000 0.344011
0.640000 0.580000 0.349979
0.660000 0.580000 0.354904
0.680000 0.580000 0.358618
0.700000 0.580000 0.360925
0.720000 0.580000 0.361596
0.740000 0.580000 0.360360
0.760000 0.580000 0.356903
0.780000 0.580000 0.350854
0.800000 0.580000 0.341776
0.820000 0.580000 0.329159
0.840000 0.580000 0.312400
0.860000 0.580000 0.290793
0.880000 0.580000 0.263504
0.900000 0.580000 0.229556
0.920000 0.580000 0.187800
0.940000 0.580000 0.136884
0.960000 0.580000 0.075221
0.980000 0.580000 0.000948

0.000000 0.560000 0.000948
0.020000 0.560000 0.013127
0.040000 0.560000 0.025332
0.060000 0.560000 0.037566
0.080000 0.560000 0.049826
0.100000 0.560000 0.062113
0.120000 0.560000 0.074425
0.140000 0.560000 0.086761
0.160000 0.560000 0.099115
0.180000 0.560000 0.111486
0.200000 0.560000 0.123866
0.220000 0.560000 0.136250
0.240000 0.560000 0.148629
0.260000 0.560000 0.160993
0.280000 0.560000 0.173332
0.300000 0.560000 0.185631
0.320000 0.560000 0.197876
0.340000 0.560000 0.210049
0.360000 0.560000 0.222130
0.380000 0.560000 0.234097
0.400000 0.560000 0.245923
0.420000 0.560000 0.257579
0.440000 0.560000 0.269034
0.460000 0.560000 0.280248
0.480000 0.560000 0.291180
0.500000 0.560000 0.301781
0.520000 0.560000 0.311997
0.540000 0.560000 0.321764
0.560000 0.560000 0.331010
0.580000 0.560000 0.339653
0.600000 0.560000 0.347597
0.620000 0.560000 0.354730
0.640000 0.560000 0.360926
0.660000 0.560000 0.366036
0.680000 0.560000 0.369884
0.700000 0.560000 0.372270
0.720000 0.560000 0.372957
0.740000 0.560000 0.371667
0.760000 0.560000 0.368075
0.780000 0.560000 0.361801
0.800000 0.560000 0.352396
0.820000 0.560000 0.339336
0.840000 0.560000 0.322002
0.860000 0.560000 0.299670
0.880000 0.560000 0.271487
0.900000 0.560000 0.236451
0.920000 0.560000 0.193385
0.940000 0.560000 0.140908
0.960000 0.560000 0.077397
0.980000 0.560000 0.000948

0.000000 0.540000 0.000948
0.020000 0.540000 0.013269
0.040000 0.540000 0.025640
0.060000 0.540000 0.038060
0.080000 0.540000 0.050531
0.100000 0.540000 0.063051
0.120000 0.540000 0.075620
0.140000 0.540000 0.088235
0.160000 0.540000 0.100893
0.180000 0.540000 0.113587
0.200000 0.540000 0.126313
0.220000 0.540000 0.139061
0.240000 0.540000 0.151822
0.260000 0.540000 0.164585
0.280000 0.540000 0.177337
0.300000 0.540000 0.190061
0.320000 0.540000 0.202742
0.340000 0.540000 0.215358
0.360000 0.540000 0.227888
0.380000 0.540000 0.240307
0.400000 0.540000 0.252585
0.420000 0.540000 0.264692
0.440000 0.540000 0.276590
0.460000 0.540000 0.288241
0.480000 0.540000 0.299599
0.500000 0.540000 0.310612
0.520000 0.540000 0.321222
0.540000 0.540000 0.331363
0.560000 0.540000 0.340960
0.580000 0.540000 0.349925
0.600000 0.540000 0.358160
0.620000 0.540000 0.365550
0.640000 0.540000 0.371963
0.660000 0.540000 0.377243
0.680000 0.540000 0.381213
0.700000 0.540000 0.383665
0.720000 0.540000 0.384353
0.740000 0.540000 0.382995
0.760000 0.540000 0.379255
0.780000 0.540000 0.372743
0.800000 0.540000 0.363000
0.820000 0.540000 0.349488
0.840000 0.540000 0.331573
0.860000 0.540000 0.308512
0.880000 0.540000 0.279432
0.900000 0.540000 0.243309
0.920000 0.540000 0.198939
0.940000 0.540000 0.144908
0.960000 0.540000 0.079559
0.980000 0.540000 0.000948

0.000000 0.520000 0.000948
0.020000 0.520000 0.013418
0.040000 0.520000 0.025960
0.060000 0.520000 0.038575
0.080000 0.520000 0.051265
0.100000 0.520000 0.064029
0.120000 0.520000 0.076865
0.140000 0.520000 0.089772
0.160000 0.520000 0.102744
0.180000 0.520000 0.115775
0.200000 0.520000 0.128858
0.220000 0.520000 0.141984
0.240000 0.520000 0.155141
0.260000 0.520000 0.168315
0.280000 0.520000 0.181493
0.300000 0.520000 0.194655
0.320000 0.520000 0.207783
0.340000 0.520000 0.220854
0.360000 0.520000 0.233844
0.380000 0.520000 0.246723
0.400000 0.520000 0.259461
0.420000 0.520000 0.272023
0.440000 0.520000 0.284371
0.460000 0.520000 0.296462
0.480000 0.520000 0.308246
0.500000 0.520000 0.319669
0.520000 0.520000 0.330671
0.540000 0.520000 0.341182
0.560000 0.520000 0.351122
0.580000 0.520000 0.360402
0.600000 0.520000 0.368918
0.620000 0.520000 0.376552
0.640000 0.520000 0.383167
0.660000 0.520000 0.388604
0.680000 0.520000 0.392680
0.700000 0.520000 0.395180
0.720000 0.520000 0.395854
0.740000 0.520000 0.394409
0.760000 0.520000 0.390505
0.780000 0.520000 0.383740
0.800000 0.520000 0.373644
0.820000 0.520000 0.359665
0.840000 0.520000 0.341157
0.860000 0.520000 0.317357
0.880000 0.520000 0.287375
0.900000 0.520000 0.250160
0.920000 0.520000 0.204483
0.940000 0.520000 0.148900
0.960000 0.520000 0.081717
0.980000 0.520000 0.000948

0.000000 0.500000 0.000948
0.020000 0.500000 0.013576
0.040000 0.500000 0.026299
0.060000 0.500000 0.039121
0.080000 0.500000 0.052042
0.100000 0.500000 0.065063
0.120000 0.500000 0.078182
0.140000 0.500000 0.091396
0.160000 0.500000 0.104699
0.180000 0.500000 0.118084
0.200000 0.500000 0.131543
0.220000 0.500000 0.145064
0.240000 0.500000 0.158634
0.260000 0.500000 0.172239
0.280000 0.500000 0.185860
0.300000 0.500000 0.199477
0.320000 0.500000 0.213068
0.340000 0.500000 0.226609
0.360000 0.500000 0.240070
0.380000 0.500000 0.253422
0.400000 0.500000 0.266630
0.420000 0.500000 0.279657
0.440000 0.500000 0.292460
0.460000 0.500000 0.304994
0.480000 0.500000 0.317207
0.500000 0.500000 0.329041
0.520000 0.500000 0.340432
0.540000 0.500000 0.351306
0.560000 0.500000 0.361582
0.580000 0.500000 0.371166
0.600000 0.500000 0.379952
0.620000 0.500000 0.387816
0.640000 0.500000 0.394618
0.660000 0.500000 0.400195
0.680000 0.500000 0.404357
0.700000 0.500000 0.406886
0.720000 0.500000 0.407525
0.740000 0.500000 0.405974
0.760000 0.500000 0.401884
0.780000 0.500000 0.394846
0.800000 0.500000 0.384377
0.820000 0.500000 0.369915
0.840000 0.500000 0.350797
0.860000 0.500000 0.326245
0.880000 0.500000 0.295347
0.900000 0.500000 0.257031
0.920000 0.500000 0.210041
0.940000 0.500000 0.152899
0.960000 0.500000 0.083877
0.980000 0.500000 0.000948

0.000000 0.480000 0.000948
0.020000 0.480000 0.013745
0.040000 0.480000 0.026663
0.060000 0.480000 0.039707
0.080000 0.480000 0.052876
0.100000 0.480000 0.066173
0.120000 0.480000 0.079593
0.140000 0.480000 0.093135
0.160000 0.480000 0.106791
0.180000 0.480000 0.120552
0.200000 0.480000 0.134410
0.220000 0.480000 0.148350
0.240000 0.480000 0.162357
0.260000 0.480000 0.176414
0.280000 0.480000 0.190500
0.300000 0.480000 0.204594
0.320000 0.480000 0.218668
0.340000 0.480000 0.232696
0.360000 0.480000 0.246647
0.380000 0.480000 0.260487
0.400000 0.480000 0.274177
0.420000 0.480000 0.287679
0.440000 0.480000 0.300945
0.460000 0.480000 0.313928
0.480000 0.480000 0.326572
0.500000 0.480000 0.338815
0.520000 0.480000 0.350592
0.540000 0.480000 0.361824
0.560000 0.480000 0.372428
0.580000 0.480000 0.382305
0.600000 0.480000 0.391345
0.620000 0.480000 0.399423
0.640000 0.480000 0.406393
0.660000 0.480000 0.412089
0.680000 0.480000 0.416316
0.700000 0.480000 0.418850
0.720000 0.480000 0.419429
0.740000 0.480000 0.417747
0.760000 0.480000 0.413448
0.780000 0.480000 0.406111
0.800000 0.480000 0.395247
0.820000 0.480000 0.380279
0.840000 0.480000 0.360530
0.860000 0.480000 0.335207
0.880000 0.480000 0.303377
0.900000 0.480000 0.263946
0.920000 0.480000 0.215629
0.940000 0.480000 0.156919
0.960000 0.480000 0.086049
0.980000 0.480000 0.000948

0.000000 0.460000 0.000948
0.020000 0.460000 0.013929
0.040000 0.460000 0.027059
0.060000 0.460000 0.040343
0.080000 0.460000 0.053783
0.100000 0.460000 0.067377
0.120000 0.460000 0.081124
0.140000 0.460000 0.095020
0.160000 0.460000 0.109055
0.180000 0.460000 0.123222
0.200000 0.460000 0.137506
0.220000 0.460000 0.151894
0.240000 0.460000 0.166366
0.260000 0.460000 0.180903
0.280000 0.460000 0.195482
0.300000 0.460000 0.210077
0.320000 0.460000 0.224659
0.340000 0.460000 0.239197
0.360000 0.460000 0.253657
0.380000 0.460000 0.268002
0.400000 0.460000 0.282191
0.420000 0.460000 0.296179
0.440000 0.460000 0.309918
0.460000 0.460000 0.323355
0.480000 0.460000 0.336432
0.500000 0.460000 0.349085
0.520000 0.460000 0.361243
0.540000 0.460000 0.372826
0.560000 0.460000 0.383746
0.580000 0.460000 0.393902
0.600000 0.460000 0.403181
0.620000 0.460000 0.411452
0.640000 0.460000 0.418569
0.660000 0.460000 0.424359
0.680000 0.460000 0.428624
0.700000 0.460000 0.431136
0.720000 0.460000 0.431626
0.740000 0.460000 0.429784
0.760000 0.460000 0.425245
0.780000 0.460000 0.417582
0.800000 0.460000 0.406293
0.820000 0.460000 0.390792
0.840000 0.460000 0.370388
0.860000 0.460000 0.344271
0.880000 0.460000 0.311488
0.900000 0.460000 0.270923
0.920000 0.460000 0.221263
0.940000 0.460000 0.160969
0.960000 0.460000 0.088235
0.980000 0.460000 0.000948

0.000000 0.440000 0.000948
0.020000 0.440000 0.014131
0.040000 0.440000 0.027495
0.060000 0.440000 0.041043
0.080000 0.440000 0.054778
0.100000 0.440000 0.068699
0.120000 0.440000 0.082803
0.140000 0.440000 0.097084
0.160000 0.440000 0.111533
0.180000 0.440000 0.126137
0.200000 0.440000 0.140883
0.220000 0.440000 0.155752
0.240000 0.440000 0.170724
0.260000 0.440000 0.185775
0.280000 0.440000 0.200878
0.300000 0.440000 0.216005
0.320000 0.440000 0.231123
0.340000 0.440000 0.246197
0.360000 0.440000 0.261190
0.380000 0.440000 0.276060
0.400000 0.440000 0.290763
0.420000 0.440000 0.305252
0.440000 0.440000 0.319473
0.460000 0.440000 0.333371
0.480000 0.440000 0.346884
0.500000 0.440000 0.359945
0.520000 0.440000 0.372479
0.540000 0.440000 0.384403
0.560000 0.440000 0.395626
0.580000 0.440000 0.406044
0.600000 0.440000 0.415541
0.620000 0.440000 0.423983
0.640000 0.440000 0.431219
0.660000 0.440000 0.437074
0.680000 0.440000 0.441347
0.700000 0.440000 0.443804
0.720000 0.440000 0.444172
0.740000 0.440000 0.442135
0.760000 0.440000 0.437322
0.780000 0.440000 0.429297
0.800000 0.440000 0.417551
0.820000 0.440000 0.401486
0.840000 0.440000 0.380397
0.860000 0.440000 0.353458
0.880000 0.440000 0.319698
0.900000 0.440000 0.277977
0.920000 0.440000 0.226953
0.940000 0.440000 0.165056
0.960000 0.440000 0.090441
0.980000 0.440000 0.000948

0.000000 0.420000 0.000948
0.020000 0.420000 0.014356
0.040000 0.420000 0.027978
0.060000 0.420000 0.041819
0.080000 0.420000 0.055881
0.100000 0.420000 0.070163
0.120000 0.420000 0.084660
0.140000 0.420000 0.099365
0.160000 0.420000 0.114266
0.180000 0.420000 0.129350
0.200000 0.420000 0.144598
0.220000 0.420000 0.159990
0.240000 0.420000 0.175501
0.260000 0.420000 0.191104
0.280000 0.420000 0.206769
0.300000 0.420000 0.222462
0.320000 0.420000 0.238149
0.340000 0.420000 0.253789
0.360000 0.420000 0.269340
0.380000 0.420000 0.284759
0.400000 0.420000 0.299995
0.420000 0.420000 0.314999
0.440000 0.420000 0.329713
0.460000 0.420000 0.344078
0.480000 0.420000 0.358028
0.500000 0.420000 0.371493
0.520000 0.420000 0.384395
0.540000 0.420000 0.396649
0.560000 0.420000 0.408159
0.580000 0.420000 0.418819
0.600000 0.420000 0.428509
0.620000 0.420000 0.437093
0.640000 0.420000 0.444418
0.660000 0.420000 0.450304
0.680000 0.420000 0.454547
0.700000 0.420000 0.456910
0.720000 0.420000 0.457117
0.740000 0.420000 0.454844
0.760000 0.420000 0.449716
0.780000 0.420000 0.441291
0.800000 0.420000 0.429050
0.820000 0.420000 0.412383
0.840000 0.420000 0.390575
0.860000 0.420000 0.362784
0.880000 0.420000 0.328018
0.900000 0.420000 0.285115
0.920000 0.420000 0.232705
0.940000 0.420000 0.169185
0.960000 0.420000 0.092668
0.980000 0.420000 0.000948

0.000000 0.400000 0.000948
0.020000 0.400000 0.014608
0.040000 0.400000 0.028520
0.060000 0.400000 0.042688
0.080000 0.400000 0.057115
0.100000 0.400000 0.071798
0.120000 0.400000 0.086732
0.140000 0.400000 0.101906
0.160000 0.400000 0.117307
0.180000 0.400000 0.132917
0.200000 0.400000 0.148715
0.220000 0.400000 0.164677
0.240000 0.400000 0.180773
0.260000 0.400000 0.196973
0.280000 0.400000 0.213242
0.300000 0.400000 0.229543
0.320000 0.400000 0.245834
0.340000 0.400000 0.262073
0.360000 0.400000 0.278212
0.380000 0.400000 0.294203
0.400000 0.400000 0.309994
0.420000 0.400000 0.325527
0.440000 0.400000 0.340744
0.460000 0.400000 0.355581
0.480000 0.400000 0.369968
0.500000 0.400000 0.383833
0.520000 0.400000 0.397093
0.540000 0.400000 0.409660
0.560000 0.400000 0.421436
0.580000 0.400000 0.432312
0.600000 0.400000 0.442166
0.620000 0.400000 0.450859
0.640000 0.400000 0.458234
0.660000 0.400000 0.464111
0.680000 0.400000 0.468282
0.700000 0.400000 0.470506
0.720000 0.400000 0.470504
0.740000 0.400000 0.467950
0.760000 0.400000 0.462460
0.780000 0.400000 0.453588
0.800000 0.400000 0.440807
0.820000 0.400000 0.423498
0.840000 0.400000 0.400933
0.860000 0.400000 0.372253
0.880000 0.400000 0.336451
0.900000 0.400000 0.292338
0.920000 0.400000 0.238519
0.940000 0.400000 0.173354
0.960000 0.400000 0.094916
0.980000 0.400000 0.000948

0.000000 0.380000 0.000948
0.020000 0.380000 0.014892
0.040000 0.380000 0.029130
0.060000 0.380000 0.043667
0.080000 0.380000 0.058504
0.100000 0.380000 0.073637
0.120000 0.380000 0.089058
0.140000 0.380000 0.104755
0.160000 0.380000 0.120711
0.180000 0.380000 0.136903
0.200000 0.380000 0.153307
0.220000 0.380000 0.169893
0.240000 0.380000 0.186628
0.260000 0.380000 0.203476
0.280000 0.380000 0.220397
0.300000 0.380000 0.237349
0.320000 0.380000 0.254286
0.340000 0.380000 0.271159
0.360000 0.380000 0.287918
0.380000 0.380000 0.304509
0.400000 0.380000 0.320873
0.420000 0.380000 0.336952
0.440000 0.380000 0.352681
0.460000 0.380000 0.367993
0.480000 0.380000 0.382815
0.500000 0.380000 0.397070
0.520000 0.380000 0.410673
0.540000 0.380000 0.423533
0.560000 0.380000 0.435550
0.580000 0.380000 0.446611
0.600000 0.380000 0.456593
0.620000 0.380000 0.465354
0.640000 0.380000 0.472735
0.660000 0.380000 0.478555
0.680000 0.380000 0.482603
0.700000 0.380000 0.484636
0.720000 0.380000 0.484372
0.740000 0.380000 0.481480
0.760000 0.380000 0.475576
0.780000 0.380000 0.466205
0.800000 0.380000 0.452835
0.820000 0.380000 0.434836
0.840000 0.380000 0.411470
0.860000 0.380000 0.381864
0.880000 0.380000 0.344991
0.900000 0.380000 0.299641
0.920000 0.380000 0.244389
0.940000 0.380000 0.177558
0.960000 0.380000 0.097181
0.980000 0.380000 0.000948

0.000000 0.360000 0.000948
0.020000 0.360000 0.015214
0.040000 0.360000 0.029823
0.060000 0.360000 0.044777
0.080000 0.360000 0.060078
0.100000 0.360000 0.075718
0.120000 0.360000 0.091688
0.140000 0.360000 0.107970
0.160000 0.360000 0.124543
0.180000 0.360000 0.141382
0.200000 0.360000 0.158455
0.220000 0.360000 0.175728
0.240000 0.360000 0.193162
0.260000 0.360000 0.210715
0.280000 0.360000 0.228342
0.300000 0.360000 0.245995
0.320000 0.360000 0.263622
0.340000 0.360000 0.281169
0.360000 0.360000 0.298581
0.380000 0.360000 0.315798
0.400000 0.360000 0.332758
0.420000 0.360000 0.349397
0.440000 0.360000 0.365646
0.460000 0.360000 0.381434
0.480000 0.360000 0.396684
0.500000 0.360000 0.411316
0.520000 0.360000 0.425243
0.540000 0.360000 0.438370
0.560000 0.360000 0.450595
0.580000 0.360000 0.461803
0.600000 0.360000 0.471869
0.620000 0.360000 0.480649
0.640000 0.360000 0.487985
0.660000 0.360000 0.493690
0.680000 0.360000 0.497556
0.700000 0.360000 0.499336
0.720000 0.360000 0.498747
0.740000 0.360000 0.495457
0.760000 0.360000 0.489076
0.780000 0.360000 0.479147
0.800000 0.360000 0.465130
0.820000 0.360000 0.446390
0.840000 0.360000 0.422176
0.860000 0.360000 0.391602
0.880000 0.360000 0.353624
0.900000 0.360000 0.307007
0.920000 0.360000 0.250299
0.940000 0.360000 0.181787
0.960000 0.360000 0.099458
0.980000 0.360000 0.000948

0.000000 0.340000 0.000948
0.020000 0.340000 0.015583
0.040000 0.340000 0.030614
0.060000 0.340000 0.046044
0.080000 0.340000 0.061871
0.100000 0.340000 0.078086
0.120000 0.340000 0.094675
0.140000 0.340000 0.111615
0.160000 0.340000 0.128881
0.180000 0.340000 0.146439
0.200000 0.340000 0.164255
0.220000 0.340000 0.182285
0.240000 0.340000 0.200486
0.260000 0.340000 0.218808
0.280000 0.340000 0.237200
0.300000 0.340000 0.255607
0.320000 0.340000 0.273973
0.340000 0.340000 0.292236
0.360000 0.340000 0.310335
0.380000 0.340000 0.328206
0.400000 0.340000 0.345782
0.420000 0.340000 0.362993
0.440000 0.340000 0.379767
0.460000 0.340000 0.396027
0.480000 0.340000 0.411695
0.500000 0.340000 0.426687
0.520000 0.340000 0.440911
0.540000 0.340000 0.454272
0.560000 0.340000 0.466665
0.580000 0.340000 0.477974
0.600000 0.340000 0.488071
0.620000 0.340000 0.496813
0.640000 0.340000 0.504040
0.660000 0.340000 0.509565
0.680000 0.340000 0.513179
0.700000 0.340000 0.514636
0.720000 0.340000 0.513650
0.740000 0.340000 0.509889
0.760000 0.340000 0.502961
0.780000 0.340000 0.492406
0.800000 0.340000 0.477679
0.820000 0.340000 0.458139
0.840000 0.340000 0.433025
0.860000 0.340000 0.401440
0.880000 0.340000 0.362320
0.900000 0.340000 0.314410
0.920000 0.340000 0.256227
0.940000 0.340000 0.186022
0.960000 0.340000 0.101736
0.980000 0.340000 0.000948

0.000000 0.320000 0.000948
0.020000 0.320000 0.016006
0.040000 0.320000 0.031521
0.060000 0.320000 0.047496
0.080000 0.320000 0.063925
0.100000 0.320000 0.080795
0.120000 0.320000 0.098085
0.140000 0.320000 0.115768
0.160000 0.320000 0.133811
0.180000 0.320000 0.152174
0.200000 0.320000 0.170814
0.220000 0.320000 0.189682
0.240000 0.320000 0.208725
0.260000 0.320000 0.227887
0.280000 0.320000 0.247109
0.300000 0.320000 0.266329
0.320000 0.320000 0.285483
0.340000 0.320000 0.304506
0.360000 0.320000 0.323328
0.380000 0.320000 0.341880
0.400000 0.320000 0.360090
0.420000 0.320000 0.377882
0.440000 0.320000 0.395181
0.460000 0.320000 0.411907
0.480000 0.320000 0.427976
0.500000 0.320000 0.443300
0.520000 0.320000 0.457789
0.540000 0.320000 0.471342
0.560000 0.320000 0.483853
0.580000 0.320000 0.495206
0.600000 0.320000 0.505272
0.620000 0.320000 0.513907
0.640000 0.320000 0.520951
0.660000 0.320000 0.526219
0.680000 0.320000 0.529501
0.700000 0.320000 0.530551
0.720000 0.320000 0.529085
0.740000 0.320000 0.524771
0.760000 0.320000 0.517216
0.780000 0.320000 0.505958
0.800000 0.320000 0.490451
0.820000 0.320000 0.470046
0.840000 0.320000 0.443978
0.860000 0.320000 0.411334
0.880000 0.320000 0.371037
0.900000 0.320000 0.321809
0.920000 0.320000 0.262138
0.940000 0.320000 0.190238
0.960000 0.320000 0.104002
0.980000 0.320000 0.000948

0.000000 0.300000 0.000948
0.020000 0.300000 0.016494
0.040000 0.300000 0.032569
0.060000 0.300000 0.049170
0.080000 0.300000 0.066289
0.100000 0.300000 0.083906
0.120000 0.300000 0.101994
0.140000 0.300000 0.120518
0.160000 0.300000 0.139437
0.180000 0.300000 0.158701
0.200000 0.300000 0.178260
0.220000 0.300000 0.198054
0.240000 0.300000 0.218022
0.260000 0.300000 0.238101
0.280000 0.300000 0.258223
0.300000 0.300000 0.278318
0.320000 0.300000 0.298315
0.340000 0.300000 0.318141
0.360000 0.300000 0.337721
0.380000 0.300000 0.356979
0.400000 0.300000 0.375838
0.420000 0.300000 0.394217
0.440000 0.300000 0.412036
0.460000 0.300000 0.429212
0.480000 0.300000 0.445657
0.500000 0.300000 0.461281
0.520000 0.300000 0.475990
0.540000 0.300000 0.489683
0.560000 0.300000 0.502252
0.580000 0.300000 0.513581
0.600000 0.300000 0.523540
0.620000 0.300000 0.531988
0.640000 0.300000 0.538762
0.660000 0.300000 0.543682
0.680000 0.300000 0.546537
0.700000 0.300000 0.547085
0.720000 0.300000 0.545044
0.740000 0.300000 0.540082
0.760000 0.300000 0.531809
0.780000 0.300000 0.519763
0.800000 0.300000 0.503396
0.820000 0.300000 0.482057
0.840000 0.300000 0.454974
0.860000 0.300000 0.421225
0.880000 0.300000 0.379717
0.900000 0.300000 0.329151
0.920000 0.300000 0.267987
0.940000 0.300000 0.194401
0.960000 0.300000 0.106236
0.980000 0.300000 0.000948

0.000000 0.280000 0.000948
0.020000 0.280000 0.017061
0.040000 0.280000 0.033783
0.060000 0.280000 0.051109
0.080000 0.280000 0.069022
0.100000 0.280000 0.087496
0.120000 0.280000 0.106494
0.140000 0.280000 0.125973
0.160000 0.280000 0.145879
0.180000 0.280000 0.166154
0.200000 0.280000 0.186735
0.220000 0.280000 0.207555
0.240000 0.280000 0.228541
0.260000 0.280000 0.249620
0.280000 0.280000 0.270716
0.300000 0.280000 0.291751
0.320000 0.280000 0.312645
0.340000 0.280000 0.333318
0.360000 0.280000 0.353689
0.380000 0.280000 0.373676
0.400000 0.280000 0.393194
0.420000 0.280000 0.412160
0.440000 0.280000 0.430487
0.460000 0.280000 0.448089
0.480000 0.280000 0.464876
0.500000 0.280000 0.480755
0.520000 0.280000 0.495630
0.540000 0.280000 0.509398
0.560000 0.280000 0.521952
0.580000 0.280000 0.533175
0.600000 0.280000 0.542938
0.620000 0.280000 0.551101
0.640000 0.280000 0.557505
0.660000 0.280000 0.561970
0.680000 0.280000 0.564291
0.700000 0.280000 0.564227
0.720000 0.280000 0.561501
0.740000 0.280000 0.555784
0.760000 0.280000 0.546690
0.780000 0.280000 0.533759
0.800000 0.280000 0.516444
0.820000 0.280000 0.494094
0.840000 0.280000 0.465932
0.860000 0.280000 0.431029
0.880000 0.280000 0.388279
0.900000 0.280000 0.336363
0.920000 0.280000 0.273713
0.940000 0.280000 0.198466
0.960000 0.280000 0.108414
0.980000 0.280000 0.000948

0.000000 0.260000 0.000948
0.020000 0.260000 0.017722
0.040000 0.260000 0.035197
0.060000 0.260000 0.053364
0.080000 0.260000 0.072195
0.100000 0.260000 0.091655
0.120000 0.260000 0.111695
0.140000 0.260000 0.132258
0.160000 0.260000 0.153280
0.180000 0.260000 0.174689
0.200000 0.260000 0.196410
0.220000 0.260000 0.218363
0.240000 0.260000 0.240467
0.260000 0.260000 0.262636
0.280000 0.260000 0.284785
0.300000 0.260000 0.306826
0.320000 0.260000 0.328673
0.340000 0.260000 0.350236
0.360000 0.260000 0.371427
0.380000 0.260000 0.392158
0.400000 0.260000 0.412340
0.420000 0.260000 0.431883
0.440000 0.260000 0.450698
0.460000 0.260000 0.468692
0.480000 0.260000 0.485775
0.500000 0.260000 0.501852
0.520000 0.260000 0.516823
0.540000 0.260000 0.530588
0.560000 0.260000 0.543038
0.580000 0.260000 0.554056
0.600000 0.260000 0.563518
0.620000 0.260000 0.571284
0.640000 0.260000 0.577199
0.660000 0.260000 0.581087
0.680000 0.260000 0.582747
0.700000 0.260000 0.581946
0.720000 0.260000 0.578409
0.740000 0.260000 0.571816
0.760000 0.260000 0.561784
0.780000 0.260000 0.547859
0.800000 0.260000 0.529499
0.820000 0.260000 0.506054
0.840000 0.260000 0.476746
0.860000 0.260000 0.440641
0.880000 0.260000 0.396622
0.900000 0.260000 0.343353
0.920000 0.260000 0.279237
0.940000 0.260000 0.202374
0.960000 0.260000 0.110503
0.980000 0.260000 0.000948

0.000000 0.240000 0.000948
0.020000 0.240000 0.018496
0.040000 0.240000 0.036854
0.060000 0.240000 0.056000
0.080000 0.240000 0.075897
0.100000 0.240000 0.096494
0.120000 0.240000 0.117728
0.140000 0.240000 0.139526
0.160000 0.240000 0.161808
0.180000 0.240000 0.184489
0.200000 0.240000 0.207479
0.220000 0.240000 0.230685
0.240000 0.240000 0.254013
0.260000 0.240000 0.277366
0.280000 0.240000 0.300649
0.300000 0.240000 0.323765
0.320000 0.240000 0.346616
0.340000 0.240000 0.369108
0.360000 0.240000 0.391144
0.380000 0.240000 0.412630
0.400000 0.240000 0.433470
0.420000 0.240000 0.453572
0.440000 0.240000 0.472840
0.460000 0.240000 0.491181
0.480000 0.240000 0.508500
0.500000 0.240000 0.524701
0.520000 0.240000 0.539685
0.540000 0.240000 0.553350
0.560000 0.240000 0.565589
0.580000 0.240000 0.576287
0.600000 0.240000 0.585323
0.620000 0.240000 0.592560
0.640000 0.240000 0.597848
0.660000 0.240000 0.601017
0.680000 0.240000 0.601873
0.700000 0.240000 0.600188
0.720000 0.240000 0.595698
0.740000 0.240000 0.588089
0.760000 0.240000 0.576988
0.780000 0.240000 0.561948
0.800000 0.240000 0.542435
0.820000 0.240000 0.517804
0.840000 0.240000 0.487279
0.860000 0.240000 0.449925
0.880000 0.240000 0.404618
0.900000 0.240000 0.350004
0.920000 0.240000 0.284462
0.940000 0.240000 0.206054
0.960000 0.240000 0.112465
0.980000 0.240000 0.000948

0.000000 0.220000 0.000948
0.020000 0.220000 0.019409
0.040000 0.220000 0.038804
0.060000 0.220000 0.059097
0.080000 0.220000 0.080234
0.100000 0.220000 0.102146
0.120000 0.220000 0.124751
0.140000 0.220000 0.147955
0.160000 0.220000 0.171662
0.180000 0.220000 0.195769
0.200000 0.220000 0.220169
0.220000 0.220000 0.244756
0.240000 0.220000 0.269421
0.260000 0.220000 0.294057
0.280000 0.220000 0.318557
0.300000 0.220000 0.342812
0.320000 0.220000 0.366719
0.340000 0.220000 0.390172
0.360000 0.220000 0.413069
0.380000 0.220000 0.435309
0.400000 0.220000 0.456792
0.420000 0.220000 0.477420
0.440000 0.220000 0.497095
0.460000 0.220000 0.515719
0.480000 0.220000 0.533198
0.500000 0.220000 0.549433
0.520000 0.220000 0.564326
0.540000 0.220000 0.577775
0.560000 0.220000 0.589676
0.580000 0.220000 0.599918
0.600000 0.220000 0.608381
0.620000 0.220000 0.614935
0.640000 0.220000 0.619437
0.660000 0.220000 0.621724
0.680000 0.220000 0.621609
0.700000 0.220000 0.618876
0.720000 0.220000 0.613269
0.740000 0.220000 0.604487
0.760000 0.220000 0.592168
0.780000 0.220000 0.575878
0.800000 0.220000 0.555092
0.820000 0.220000 0.529176
0.840000 0.220000 0.497360
0.860000 0.220000 0.458713
0.880000 0.220000 0.412104
0.900000 0.220000 0.356170
0.920000 0.220000 0.289266
0.940000 0.220000 0.209415
0.960000 0.220000 0.114250
0.980000 0.220000 0.000948

0.000000 0.200000 0.000948
0.020000 0.200000 0.020492
0.040000 0.200000 0.041113
0.060000 0.200000 0.062756
0.080000 0.200000 0.085342
0.100000 0.200000 0.108779
0.120000 0.200000 0.132958
0.140000 0.200000 0.157765
0.160000 0.200000 0.183080
0.180000 0.200000 0.208781
0.200000 0.200000 0.234745
0.220000 0.200000 0.260848
0.240000 0.200000 0.286970
0.260000 0.200000 0.312988
0.280000 0.200000 0.338784
0.300000 0.200000 0.364241
0.320000 0.200000 0.389246
0.340000 0.200000 0.413685
0.360000 0.200000 0.437449
0.380000 0.200000 0.460431
0.400000 0.200000 0.482526
0.420000 0.200000 0.503632
0.440000 0.200000 0.523648
0.460000 0.200000 0.542476
0.480000 0.200000 0.560017
0.500000 0.200000 0.576175
0.520000 0.200000 0.590851
0.540000 0.200000 0.603947
0.560000 0.200000 0.615359
0.580000 0.200000 0.624983
0.600000 0.200000 0.632703
0.620000 0.200000 0.638398
0.640000 0.200000 0.641930
0.660000 0.200000 0.643146
0.680000 0.200000 0.641871
0.700000 0.200000 0.637899
0.720000 0.200000 0.630991
0.740000 0.200000 0.620857
0.760000 0.200000 0.607153
0.780000 0.200000 0.589460
0.800000 0.200000 0.567270
0.820000 0.200000 0.539961
0.840000 0.200000 0.506777
0.860000 0.200000 0.466794
0.880000 0.200000 0.418883
0.900000 0.200000 0.361674
0.920000 0.200000 0.293499
0.940000 0.200000 0.212348
0.960000 0.200000 0.115797
0.980000 0.200000 0.000948

0.000000 0.180000 0.000948
0.020000 0.180000 0.021785
0.040000 0.180000 0.043866
0.060000 0.180000 0.067104
0.080000 0.180000 0.091390
0.100000 0.180000 0.116596
0.120000 0.180000 0.142585
0.140000 0.180000 0.169214
0.160000 0.180000 0.196341
0.180000 0.180000 0.223821
0.200000 0.180000 0.251512
0.220000 0.180000 0.279274
0.240000 0.180000 0.306972
0.260000 0.180000 0.334470
0.280000 0.180000 0.361640
0.300000 0.180000 0.388354
0.320000 0.180000 0.414489
0.340000 0.180000 0.439926
0.360000 0.180000 0.464549
0.380000 0.180000 0.488244
0.400000 0.180000 0.510903
0.420000 0.180000 0.532421
0.440000 0.180000 0.552693
0.460000 0.180000 0.571620
0.480000 0.180000 0.589105
0.500000 0.180000 0.605049
0.520000 0.180000 0.619358
0.540000 0.180000 0.631935
0.560000 0.180000 0.642684
0.580000 0.180000 0.651501
0.600000 0.180000 0.658282
0.620000 0.180000 0.662910
0.640000 0.180000 0.665260
0.660000 0.180000 0.665191
0.680000 0.180000 0.662539
0.700000 0.180000 0.657115
0.720000 0.180000 0.648695
0.740000 0.180000 0.637009
0.760000 0.180000 0.621731
0.780000 0.180000 0.602465
0.800000 0.180000 0.578722
0.820000 0.180000 0.549903
0.840000 0.180000 0.515270
0.860000 0.180000 0.473914
0.880000 0.180000 0.424714
0.900000 0.180000 0.366296
0.920000 0.180000 0.296979
0.940000 0.180000 0.214717
0.960000 0.180000 0.117034
0.980000 0.180000 0.000948

0.000000 0.160000 0.000948
0.020000 0.160000 0.023344
0.040000 0.160000 0.047174
0.060000 0.160000 0.072308
0.080000 0.160000 0.098590
0.100000 0.160000 0.125852
0.120000 0.160000 0.153920
0.140000 0.160000 0.182620
0.160000 0.160000 0.211780
0.180000 0.160000 0.241236
0.200000 0.160000 0.270825
0.220000 0.160000 0.300391
0.240000 0.160000 0.329783
0.260000 0.160000 0.358856
0.280000 0.160000 0.387467
0.300000 0.160000 0.415481
0.320000 0.160000 0.442767
0.340000 0.160000 0.469199
0.360000 0.160000 0.494653
0.380000 0.160000 0.519013
0.400000 0.160000 0.542167
0.420000 0.160000 0.564005
0.440000 0.160000 0.584423
0.460000 0.160000 0.603322
0.480000 0.160000 0.620602
0.500000 0.160000 0.636170
0.520000 0.160000 0.649932
0.540000 0.160000 0.661798
0.560000 0.160000 0.671675
0.580000 0.160000 0.679468
0.600000 0.160000 0.685081
0.620000 0.160000 0.688407
0.640000 0.160000 0.689334
0.660000 0.160000 0.687734
0.680000 0.160000 0.683459
0.700000 0.160000 0.676339
0.720000 0.160000 0.666169
0.740000 0.160000 0.652702
0.760000 0.160000 0.635639
0.780000 0.160000 0.614607
0.800000 0.160000 0.589148
0.820000 0.160000 0.558691
0.840000 0.160000 0.522524
0.860000 0.160000 0.479762
0.880000 0.160000 0.429301
0.900000 0.160000 0.369772
0.920000 0.160000 0.299485
0.940000 0.160000 0.216362
0.960000 0.160000 0.117871
0.980000 0.160000 0.000948

0.000000 0.140000 0.000948
0.020000 0.140000 0.025243
0.040000 0.140000 0.051187
0.060000 0.140000 0.078585
0.080000 0.140000 0.107220
0.100000 0.140000 0.136870
0.120000 0.140000 0.167320
0.140000 0.140000 0.198360
0.160000 0.140000 0.229793
0.180000 0.140000 0.261430
0.200000 0.140000 0.293091
0.220000 0.140000 0.324604
0.240000 0.140000 0.355804
0.260000 0.140000 0.386534
0.280000 0.140000 0.416643
0.300000 0.140000 0.445986
0.320000 0.140000 0.474424
0.340000 0.140000 0.501825
0.360000 0.140000 0.528063
0.380000 0.140000 0.553015
0.400000 0.140000 0.576567
0.420000 0.140000 0.598609
0.440000 0.140000 0.619034
0.460000 0.140000 0.637744
0.480000 0.140000 0.654643
0.500000 0.140000 0.669639
0.520000 0.140000 0.682644
0.540000 0.140000 0.693571
0.560000 0.140000 0.702336
0.580000 0.140000 0.708854
0.600000 0.140000 0.713036
0.620000 0.140000 0.714791
0.640000 0.140000 0.714019
0.660000 0.140000 0.710608
0.680000 0.140000 0.704432
0.700000 0.140000 0.695339
0.720000 0.140000 0.683150
0.740000 0.140000 0.667647
0.760000 0.140000 0.648558
0.780000 0.140000 0.625546
0.800000 0.140000 0.598188
0.820000 0.140000 0.565951
0.840000 0.140000 0.528160
0.860000 0.140000 0.483964
0.880000 0.140000 0.432289
0.900000 0.140000 0.371781
0.920000 0.140000 0.300747
0.940000 0.140000 0.217084
0.960000 0.140000 0.118203
0.980000 0.140000 0.000950

0.000000 0.120000 0.000950
0.020000 0.120000 0.027587
0.040000 0.120000 0.056110
0.060000 0.120000 0.086226
0.080000 0.120000 0.117635
0.100000 0.120000 0.150053
0.120000 0.120000 0.183220
0.140000 0.120000 0.216893
0.160000 0.120000 0.250847
0.180000 0.120000 0.284875
0.200000 0.120000 0.318779
0.220000 0.120000 0.352373
0.240000 0.120000 0.385482
0.260000 0.120000 0.417938
0.280000 0.120000 0.449581
0.300000 0.120000 0.480259
0.320000 0.120000 0.509828
0.340000 0.120000 0.538150
0.360000 0.120000 0.565094
0.380000 0.120000 0.590537
0.400000 0.120000 0.614361
0.420000 0.120000 0.636456
0.440000 0.120000 0.656717
0.460000 0.120000 0.675046
0.480000 0.120000 0.691350
0.500000 0.120000 0.705543
0.520000 0.120000 0.717541
0.540000 0.120000 0.727267
0.560000 0.120000 0.734643
0.580000 0.120000 0.739594
0.600000 0.120000 0.742047
0.620000 0.120000 0.741923
0.640000 0.120000 0.739139
0.660000 0.120000 0.733602
0.680000 0.120000 0.725208
0.700000 0.120000 0.713831
0.720000 0.120000 0.699321
0.740000 0.120000 0.681491
0.760000 0.120000 0.660107
0.780000 0.120000 0.634873
0.800000 0.120000 0.605410
0.820000 0.120000 0.571233
0.840000 0.120000 0.531720
0.860000 0.120000 0.486068
0.880000 0.120000 0.433246
0.900000 0.120000 0.371932
0.920000 0.120000 0.300442
0.940000 0.120000 0.216651
0.960000 0.120000 0.117906
0.980000 0.120000 0.000956

0.000000 0.100000 0.000957
0.020000 0.100000 0.030536
0.040000 0.100000 0.062241
0.060000 0.100000 0.095630
0.080000 0.100000 0.130303
0.100000 0.100000 0.165913
0.120000 0.100000 0.202156
0.140000 0.100000 0.238763
0.160000 0.100000 0.275489
0.180000 0.100000 0.312111
0.200000 0.100000 0.348417
0.220000 0.100000 0.384213
0.240000 0.100000 0.419313
0.260000 0.100000 0.453540
0.280000 0.100000 0.486730
0.300000 0.100000 0.518723
0.320000 0.100000 0.549372
0.340000 0.100000 0.578533
0.360000 0.100000 0.606075
0.380000 0.100000 0.631872
0.400000 0.100000 0.655806
0.420000 0.100000 0.677767
0.440000 0.100000 0.697653
0.460000 0.100000 0.715369
0.480000 0.100000 0.730826
0.500000 0.100000 0.743944
0.520000 0.100000 0.754647
0.540000 0.100000 0.762866
0.560000 0.100000 0.768534
0.580000 0.100000 0.771589
0.600000 0.100000 0.771971
0.620000 0.100000 0.769619
0.640000 0.100000 0.764468
0.660000 0.100000 0.756450
0.680000 0.100000 0.745483
0.700000 0.100000 0.731472
0.720000 0.100000 0.714300
0.740000 0.100000 0.693817
0.760000 0.100000 0.669834
0.780000 0.100000 0.642103
0.800000 0.100000 0.610301
0.820000 0.100000 0.574006
0.840000 0.100000 0.532660
0.860000 0.100000 0.485530
0.880000 0.100000 0.431650
0.900000 0.100000 0.369752
0.920000 0.100000 0.298177
0.940000 0.100000 0.214780
0.960000 0.100000 0.116840
0.980000 0.100000 0.000980

0.000000 0.080000 0.000984
0.020000 0.080000 0.034351
0.040000 0.080000 0.070020
0.060000 0.080000 0.107350
0.080000 0.080000 0.145840
0.100000 0.080000 0.185092
0.120000 0.080000 0.224780
0.140000 0.080000 0.264619
0.160000 0.080000 0.304355
0.180000 0.080000 0.343755
0.200000 0.080000 0.382603
0.220000 0.080000 0.420696
0.240000 0.080000 0.457840
0.260000 0.080000 0.493856
0.280000 0.080000 0.528573
0.300000 0.080000 0.561827
0.320000 0.080000 0.593468
0.340000 0.080000 0.623351
0.360000 0.080000 0.651343
0.380000 0.080000 0.677316
0.400000 0.080000 0.701156
0.420000 0.080000 0.722755
0.440000 0.080000 0.742012
0.460000 0.080000 0.758838
0.480000 0.080000 0.773152
0.500000 0.080000 0.784878
0.520000 0.080000 0.793951
0.540000 0.080000 0.800312
0.560000 0.080000 0.803908
0.580000 0.080000 0.804690
0.600000 0.080000 0.802615
0.620000 0.080000 0.797641
0.640000 0.080000 0.789727
0.660000 0.080000 0.778826
0.680000 0.080000 0.764888
0.700000 0.080000 0.747850
0.720000 0.080000 0.727633
0.740000 0.080000 0.704131
0.760000 0.080000 0.677205
0.780000 0.080000 0.646666
0.800000 0.080000 0.612259
0.820000 0.080000 0.573636
0.840000 0.080000 0.530328
0.860000 0.080000 0.481695
0.880000 0.080000 0.426867
0.900000 0.080000 0.364658
0.920000 0.080000 0.293467
0.940000 0.080000 0.211143
0.960000 0.080000 0.114865
0.980000 0.080000 0.001065

0.000000 0.060000 0.001094
0.020000 0.060000 0.039489
0.040000 0.060000 0.080129
0.060000 0.060000 0.122166
0.080000 0.060000 0.165051
0.100000 0.060000 0.208391
0.120000 0.060000 0.251871
0.140000 0.060000 0.295214
0.160000 0.060000 0.338169
0.180000 0.060000 0.380504
0.200000 0.060000 0.421999
0.220000 0.060000 0.462447
0.240000 0.060000 0.501655
0.260000 0.060000 0.539438
0.280000 0.060000 0.575622
0.300000 0.060000 0.610042
0.320000 0.060000 0.642545
0.340000 0.060000 0.672988
0.360000 0.060000 0.701235
0.380000 0.060000 0.727163
0.400000 0.060000 0.750658
0.420000 0.060000 0.771616
0.440000 0.060000 0.789943
0.460000 0.060000 0.805554
0.480000 0.060000 0.818377
0.500000 0.060000 0.828345
0.520000 0.060000 0.835403
0.540000 0.060000 0.839506
0.560000 0.060000 0.840615
0.580000 0.060000 0.838698
0.600000 0.060000 0.833731
0.620000 0.060000 0.825693
0.640000 0.060000 0.814567
0.660000 0.060000 0.800337
0.680000 0.060000 0.782982
0.700000 0.060000 0.762478
0.720000 0.060000 0.738788
0.740000 0.060000 0.711856
0.760000 0.060000 0.681599
0.780000 0.060000 0.647898
0.800000 0.060000 0.610577
0.820000 0.060000 0.569382
0.840000 0.060000 0.523953
0.860000 0.060000 0.473775
0.880000 0.060000 0.418115
0.900000 0.060000 0.355925
0.920000 0.060000 0.285710
0.940000 0.060000 0.205343
0.960000 0.060000 0.111868
0.980000 0.060000 0.001369

0.000000 0.040000 0.001547
0.020000 0.040000 0.046845
0.040000 0.040000 0.093656
0.060000 0.040000 0.141163
0.080000 0.040000 0.188966
0.100000 0.040000 0.236778
0.120000 0.040000 0.284341
0.140000 0.040000 0.331409
0.160000 0.040000 0.377746
0.180000 0.040000 0.423123
0.200000 0.040000 0.467326
0.220000 0.040000 0.510147
0.240000 0.040000 0.551390
0.260000 0.040000 0.590871
0.280000 0.040000 0.628414
0.300000 0.040000 0.663856
0.320000 0.040000 0.697043
0.340000 0.040000 0.727831
0.360000 0.040000 0.756089
0.380000 0.040000 0.781696
0.400000 0.040000 0.804542
0.420000 0.040000 0.824528
0.440000 0.040000 0.841567
0.460000 0.040000 0.855583
0.480000 0.040000 0.866512
0.500000 0.040000 0.874299
0.520000 0.040000 0.878904
0.540000 0.040000 0.880293
0.560000 0.040000 0.878446
0.580000 0.040000 0.873350
0.600000 0.040000 0.865002
0.620000 0.040000 0.853405
0.640000 0.040000 0.838570
0.660000 0.040000 0.820511
0.680000 0.040000 0.799244
0.700000 0.040000 0.774785
0.720000 0.040000 0.747144
0.740000 0.040000 0.716321
0.760000 0.040000 0.682298
0.780000 0.040000 0.645032
0.800000 0.040000 0.604438
0.820000 0.040000 0.560377
0.840000 0.040000 0.512621
0.860000 0.040000 0.460820
0.880000 0.040000 0.404431
0.900000 0.040000 0.342625
0.920000 0.040000 0.274114
0.940000 0.040000 0.196886
0.960000 0.040000 0.107833
0.980000 0.040000 0.002391

0.000000 0.020000 0.003465
0.020000 0.020000 0.058280
0.040000 0.020000 0.112307
0.060000 0.020000 0.165791
0.080000 0.020000 0.218841
0.100000 0.020000 0.271375
0.120000 0.020000 0.323219
0.140000 0.020000 0.374160
0.160000 0.020000 0.423977
0.180000 0.020000 0.472448
0.200000 0.020000 0.519363
0.220000 0.020000 0.564515
0.240000 0.020000 0.607711
0.260000 0.020000 0.648766
0.280000 0.020000 0.687506
0.300000 0.020000 0.723769
0.320000 0.020000 0.757401
0.340000 0.020000 0.788264
0.360000 0.020000 0.816229
0.380000 0.020000 0.841179
0.400000 0.020000 0.863011
0.420000 0.020000 0.881634
0.440000 0.020000 0.896968
0.460000 0.020000 0.908947
0.480000 0.020000 0.917520
0.500000 0.020000 0.922645
0.520000 0.020000 0.924296
0.540000 0.020000 0.922457
0.560000 0.020000 0.917126
0.580000 0.020000 0.908313
0.600000 0.020000 0.896037
0.620000 0.020000 0.880330
0.640000 0.020000 0.861232
0.660000 0.020000 0.838792
0.680000 0.020000 0.813064
0.700000 0.020000 0.784108
0.720000 0.020000 0.751986
0.740000 0.020000 0.716758
0.760000 0.020000 0.678478
0.780000 0.020000 0.637186
0.800000 0.020000 0.592904
0.820000 0.020000 0.545618
0.840000 0.020000 0.495262
0.860000 0.020000 0.441687
0.880000 0.020000 0.384614
0.900000 0.020000 0.323540
0.920000 0.020000 0.257567
0.940000 0.020000 0.185050
0.960000 0.020000 0.102879
0.980000 0.020000 0.005415

0.000000 0.000000 0.011915
0.020000 0.000000 0.077618
0.040000 0.000000 0.138490
0.060000 0.000000 0.197755
0.080000 0.000000 0.256058
0.100000 0.000000 0.313400
0.120000 0.000000 0.369616
0.140000 0.000000 0.424494
0.160000 0.000000 0.477816
0.180000 0.000000 0.529365
0.200000 0.000000 0.578931
0.220000 0.000000 0.626311
0.240000 0.000000 0.671312
0.260000 0.000000 0.713753
0.280000 0.000000 0.753463
0.300000 0.000000 0.790280
0.320000 0.000000 0.824057
0.340000 0.000000 0.854657
0.360000 0.000000 0.881959
0.380000 0.000000 0.905851
0.400000 0.000000 0.926238
0.420000 0.000000 0.943038
0.440000 0.000000 0.956183
0.460000 0.000000 0.965619
0.480000 0.000000 0.971306
0.500000 0.000000 0.973221
0.520000 0.000000 0.971353
0.540000 0.000000 0.965707
0.560000 0.000000 0.956302
0.580000 0.000000 0.943171
0.600000 0.000000 0.926362
0.620000 0.000000 0.905933
0.640000 0.000000 0.881960
0.660000 0.000000 0.854527
0.680000 0.000000 0.823732
0.700000 0.000000 0.789681
0.720000 0.000000 0.752493
0.740000 0.000000 0.712290
0.760000 0.000000 0.669203
0.780000 0.000000 0.623365
0.800000 0.000000 0.574909
0.820000 0.000000 0.523961
0.840000 0.000000 0.470636
0.860000 0.000000 0.415024
0.880000 0.000000 0.357171
0.900000 0.000000 0.297034
0.920000 0.000000 0.234386
0.940000 0.000000 0.168506
0.960000 0.000000 0.097091
0.980000 0.000000 0.011549

