0.000000 0.980000 0.004423
0.020000 0.980000 0.018993
0.040000 0.980000 0.029544
0.060000 0.980000 0.038130
0.080000 0.980000 0.045541
0.100000 0.980000 0.052151
0.120000 0.980000 0.058167
0.140000 0.980000 0.063719
0.160000 0.980000 0.068893
0.180000 0.980000 0.073752
0.200000 0.980000 0.078342
0.220000 0.980000 0.082698
0.240000 0.980000 0.086849
0.260000 0.980000 0.090816
0.280000 0.980000 0.094617
0.300000 0.980000 0.098265
0.320000 0.980000 0.101772
0.340000 0.980000 0.105147
0.360000 0.980000 0.108398
0.380000 0.980000 0.111529
0.400000 0.980000 0.114544
0.420000 0.980000 0.117445
0.440000 0.980000 0.120233
0.460000 0.980000 0.122906
0.480000 0.980000 0.125463
0.500000 0.980000 0.127898
0.520000 0.980000 0.130205
0.540000 0.980000 0.132375
0.560000 0.980000 0.134395
0.580000 0.980000 0.136251
0.600000 0.980000 0.137924
0.620000 0.980000 0.139389
0.640000 0.980000 0.140619
0.660000 0.980000 0.141577
0.680000 0.980000 0.142220
0.700000 0.980000 0.142493
0.720000 0.980000 0.142331
0.740000 0.980000 0.141653
0.760000 0.980000 0.140360
0.780000 0.980000 0.138328
0.800000 0.980000 0.135406
0.820000 0.980000 0.131404
0.840000 0.980000 0.126082
0.860000 0.980000 0.119138
0.880000 0.980000 0.110180
0.900000 0.980000 0.098688
0.920000 0.980000 0.083953
0.940000 0.980000 0.064943
0.960000 0.980000 0.039997
0.980000 0.980000 0.005928

0.000000 0.960000 0.007638
0.020000 0.960000 0.043310
0.040000 0.960000 0.072301
0.060000 0.960000 0.096961
0.080000 0.960000 0.118637
0.100000 0.960000 0.138133
0.120000 0.960000 0.155957
0.140000 0.960000 0.172448
0.160000 0.960000 0.187847
0.180000 0.960000 0.202326
0.200000 0.960000 0.216017
0.220000 0.960000 0.229022
0.240000 0.960000 0.241419
0.260000 0.960000 0.253272
0.280000 0.960000 0.264632
0.300000 0.960000 0.275540
0.320000 0.960000 0.286029
0.340000 0.960000 0.296126
0.360000 0.960000 0.305851
0.380000 0.960000 0.315220
0.400000 0.960000 0.324244
0.420000 0.960000 0.332928
0.440000 0.960000 0.341274
0.460000 0.960000 0.349278
0.480000 0.960000 0.356934
0.500000 0.960000 0.364225
0.520000 0.960000 0.371133
0.540000 0.960000 0.377631
0.560000 0.960000 0.383681
0.580000 0.960000 0.389240
0.600000 0.960000 0.394251
0.620000 0.960000 0.398642
0.640000 0.960000 0.402327
0.660000 0.960000 0.405198
0.680000 0.960000 0.407126
0.700000 0.960000 0.407948
0.720000 0.960000 0.407469
0.740000 0.960000 0.405445
0.760000 0.960000 0.401582
0.780000 0.960000 0.395511
0.800000 0.960000 0.386781
0.820000 0.960000 0.374825
0.840000 0.960000 0.358936
0.860000 0.960000 0.338215
0.880000 0.960000 0.311507
0.900000 0.960000 0.277300
0.920000 0.960000 0.233558
0.940000 0.960000 0.177430
0.960000 0.960000 0.104697
0.980000 0.960000 0.008631

0.000000 0.940000 0.008913
0.020000 0.940000 0.060065
0.040000 0.940000 0.104098
0.060000 0.940000 0.142802
0.080000 0.940000 0.177464
0.100000 0.940000 0.208988
0.120000 0.940000 0.238011
0.140000 0.940000 0.264989
0.160000 0.940000 0.290260
0.180000 0.940000 0.314079
0.200000 0.940000 0.336642
0.220000 0.940000 0.358102
0.240000 0.940000 0.378583
0.260000 0.940000 0.398182
0.280000 0.940000 0.416979
0.300000 0.940000 0.435040
0.320000 0.940000 0.452416
0.340000 0.940000 0.469149
0.360000 0.940000 0.485272
0.380000 0.940000 0.500809
0.400000 0.940000 0.515777
0.420000 0.940000 0.530186
0.440000 0.940000 0.544037
0.460000 0.940000 0.557324
0.480000 0.940000 0.570033
0.500000 0.940000 0.582140
0.520000 0.940000 0.593612
0.540000 0.940000 0.604403
0.560000 0.940000 0.614454
0.580000 0.940000 0.623689
0.600000 0.940000 0.632014
0.620000 0.940000 0.639312
0.640000 0.940000 0.645438
0.660000 0.940000 0.650216
0.680000 0.940000 0.653427
0.700000 0.940000 0.654805
0.720000 0.940000 0.654026
0.740000 0.940000 0.650689
0.760000 0.940000 0.644304
0.780000 0.940000 0.634267
0.800000 0.940000 0.619834
0.820000 0.940000 0.600077
0.840000 0.940000 0.573837
0.860000 0.940000 0.539655
0.880000 0.940000 0.495670
0.900000 0.940000 0.439476
0.920000 0.940000 0.367907
0.940000 0.940000 0.276698
0.960000 0.940000 0.159946
0.980000 0.940000 0.009271

0.000000 0.920000 0.009317
0.020000 0.920000 0.072261
0.040000 0.920000 0.128414
0.060000 0.920000 0.179019
0.080000 0.920000 0.225117
0.100000 0.920000 0.267529
0.120000 0.920000 0.306888
0.140000 0.920000 0.343684
0.160000 0.920000 0.378297
0.180000 0.920000 0.411023
0.200000 0.920000 0.442098
0.220000 0.920000 0.471712
0.240000 0.920000 0.500017
0.260000 0.920000 0.527137
0.280000 0.920000 0.553176
0.300000 0.920000 0.578215
0.320000 0.920000 0.602323
0.340000 0.920000 0.625553
0.360000 0.920000 0.647948
0.380000 0.920000 0.669540
0.400000 0.920000 0.690350
0.420000 0.920000 0.710388
0.440000 0.920000 0.729657
0.460000 0.920000 0.748146
0.480000 0.920000 0.765835
0.500000 0.920000 0.782691
0.520000 0.920000 0.798665
0.540000 0.920000 0.813694
0.560000 0.920000 0.827694
0.580000 0.920000 0.840561
0.600000 0.920000 0.852163
0.620000 0.920000 0.862337
0.640000 0.920000 0.870882
0.660000 0.920000 0.877551
0.680000 0.920000 0.882044
0.700000 0.920000 0.883990
0.720000 0.920000 0.882938
0.740000 0.920000 0.878337
0.760000 0.920000 0.869509
0.780000 0.920000 0.855624
0.800000 0.920000 0.835655
0.820000 0.920000 0.808333
0.840000 0.920000 0.772082
0.860000 0.920000 0.724924
0.880000 0.920000 0.664364
0.900000 0.920000 0.587225
0.920000 0.920000 0.489412
0.940000 0.920000 0.365583
0.960000 0.920000 0.208699
0.980000 0.920000 0.009427

0.000000 0.900000 0.009434
0.020000 0.900000 0.081547
0.040000 0.900000 0.147479
0.060000 0.900000 0.208051
0.080000 0.900000 0.264036
0.100000 0.900000 0.316103
0.120000 0.900000 0.364816
0.140000 0.900000 0.410634
0.160000 0.900000 0.453935
0.180000 0.900000 0.495024
0.200000 0.900000 0.534154
0.220000 0.900000 0.571528
0.240000 0.900000 0.607319
0.260000 0.900000 0.641665
0.280000 0.900000 0.674683
0.300000 0.900000 0.706469
0.320000 0.900000 0.737100
0.340000 0.900000 0.766640
0.360000 0.900000 0.795138
0.380000 0.900000 0.822630
0.400000 0.900000 0.849139
0.420000 0.900000 0.874678
0.440000 0.900000 0.899245
0.460000 0.900000 0.922827
0.480000 0.900000 0.945396
0.500000 0.900000 0.966907
0.520000 0.900000 0.987299
0.540000 0.900000 1.006488
0.560000 0.900000 1.024370
0.580000 0.900000 1.040807
0.600000 0.900000 1.055634
0.620000 0.900000 1.068641
0.640000 0.900000 1.079572
0.660000 0.900000 1.088114
0.680000 0.900000 1.093883
0.700000 0.900000 1.096410
0.720000 0.900000 1.095124
0.740000 0.900000 1.089325
0.760000 0.900000 1.078159
0.780000 0.900000 1.060576
0.800000 0.900000 1.035291
0.820000 0.900000 1.000714
0.840000 0.900000 0.954883
0.860000 0.900000 0.895354
0.880000 0.900000 0.819075
0.900000 0.900000 0.722207
0.920000 0.900000 0.599892
0.940000 0.900000 0.445950
0.960000 0.900000 0.252491
0.980000 0.900000 0.009466

0.000000 0.880000 0.009467
0.020000 0.880000 0.088856
0.040000 0.880000 0.162739
0.060000 0.880000 0.231636
0.080000 0.880000 0.296091
0.100000 0.880000 0.356616
0.120000 0.880000 0.413674
0.140000 0.880000 0.467667
0.160000 0.880000 0.518938
0.180000 0.880000 0.567779
0.200000 0.880000 0.614435
0.220000 0.880000 0.659114
0.240000 0.880000 0.701989
0.260000 0.880000 0.743207
0.280000 0.880000 0.782891
0.300000 0.880000 0.821141
0.320000 0.880000 0.858043
0.340000 0.880000 0.893664
0.360000 0.880000 0.928055
0.380000 0.880000 0.961256
0.400000 0.880000 0.993290
0.420000 0.880000 1.024168
0.440000 0.880000 1.053886
0.460000 0.880000 1.082424
0.480000 0.880000 1.109745
0.500000 0.880000 1.135796
0.520000 0.880000 1.160499
0.540000 0.880000 1.183753
0.560000 0.880000 1.205427
0.580000 0.880000 1.225359
0.600000 0.880000 1.243343
0.620000 0.880000 1.259129
0.640000 0.880000 1.272406
0.660000 0.880000 1.282795
0.680000 0.880000 1.289833
0.700000 0.880000 1.292958
0.720000 0.880000 1.291481
0.740000 0.880000 1.284563
0.760000 0.880000 1.271181
0.780000 0.880000 1.250084
0.800000 0.880000 1.219740
0.820000 0.880000 1.178268
0.840000 0.880000 1.123354
0.860000 0.880000 1.052139
0.880000 0.880000 0.961079
0.900000 0.880000 0.845770
0.920000 0.880000 0.700718
0.940000 0.880000 0.519056
0.960000 0.880000 0.292203
0.980000 0.880000 0.009475

0.000000 0.860000 0.009476
0.020000 0.860000 0.094748
0.040000 0.860000 0.175158
0.060000 0.860000 0.251022
0.080000 0.860000 0.322706
0.100000 0.860000 0.390586
0.120000 0.860000 0.455021
0.140000 0.860000 0.516344
0.160000 0.860000 0.574849
0.180000 0.860000 0.630797
0.200000 0.860000 0.684415
0.220000 0.860000 0.735898
0.240000 0.860000 0.785415
0.260000 0.860000 0.833110
0.280000 0.860000 0.879104
0.300000 0.860000 0.923500
0.320000 0.860000 0.966382
0.340000 0.860000 1.007819
0.360000 0.860000 1.047862
0.380000 0.860000 1.086549
0.400000 0.860000 1.123903
0.420000 0.860000 1.159932
0.440000 0.860000 1.194625
0.460000 0.860000 1.227958
0.480000 0.860000 1.259884
0.500000 0.860000 1.290336
0.520000 0.860000 1.319224
0.540000 0.860000 1.346427
0.560000 0.860000 1.371791
0.580000 0.860000 1.395124
0.600000 0.860000 1.416187
0.620000 0.860000 1.434686
0.640000 0.860000 1.450258
0.660000 0.860000 1.462462
0.680000 0.860000 1.470761
0.700000 0.860000 1.474498
0.720000 0.860000 1.472877
0.740000 0.860000 1.464928
0.760000 0.860000 1.449469
0.780000 0.860000 1.425060
0.800000 0.860000 1.389944
0.820000 0.860000 1.341972
0.840000 0.860000 1.278513
0.860000 0.860000 1.196336
0.880000 0.860000 1.091468
0.900000 0.860000 0.959016
0.920000 0.860000 0.792942
0.940000 0.860000 0.585796
0.960000 0.860000 0.328398
0.980000 0.860000 0.009478

0.000000 0.840000 0.009478
0.020000 0.840000 0.099578
0.040000 0.840000 0.185395
0.060000 0.840000 0.267112
0.080000 0.840000 0.344964
0.100000 0.840000 0.419215
0.120000 0.840000 0.490133
0.140000 0.840000 0.557978
0.160000 0.840000 0.622994
0.180000 0.840000 0.685403
0.200000 0.840000 0.745404
0.220000 0.840000 0.803173
0.240000 0.840000 0.858865
0.260000 0.840000 0.912614
0.280000 0.840000 0.964537
0.300000 0.840000 1.014729
0.320000 0.840000 1.063273
0.340000 0.840000 1.110233
0.360000 0.840000 1.155659
0.380000 0.840000 1.199586
0.400000 0.840000 1.242031
0.420000 0.840000 1.282997
0.440000 0.840000 1.322470
0.460000 0.840000 1.360414
0.480000 0.840000 1.396775
0.500000 0.840000 1.431473
0.520000 0.840000 1.464401
0.540000 0.840000 1.495421
0.560000 0.840000 1.524355
0.580000 0.840000 1.550984
0.600000 0.840000 1.575034
0.620000 0.840000 1.596169
0.640000 0.840000 1.613977
0.660000 0.840000 1.627959
0.680000 0.840000 1.637502
0.700000 0.840000 1.641867
0.720000 0.840000 1.640153
0.740000 0.840000 1.631266
0.760000 0.840000 1.613877
0.780000 0.840000 1.586373
0.800000 0.840000 1.546788
0.820000 0.840000 1.492730
0.840000 0.840000 1.421282
0.860000 0.840000 1.328884
0.880000 0.840000 1.211182
0.900000 0.840000 1.062856
0.920000 0.840000 0.877394
0.940000 0.840000 0.646838
0.960000 0.840000 0.361474
0.980000 0.840000 0.009478

0.000000 0.820000 0.009478
0.020000 0.820000 0.103585
0.040000 0.820000 0.193921
0.060000 0.820000 0.280577
0.080000 0.820000 0.363697
0.100000 0.820000 0.443457
0.120000 0.820000 0.520049
0.140000 0.820000 0.593669
0.160000 0.820000 0.664509
0.180000 0.820000 0.732751
0.200000 0.820000 0.798562
0.220000 0.820000 0.862094
0.240000 0.820000 0.923485
0.260000 0.820000 0.982853
0.280000 0.820000 1.040303
0.300000 0.820000 1.095925
0.320000 0.820000 1.149793
0.340000 0.820000 1.201965
0.360000 0.820000 1.252485
0.380000 0.820000 1.301382
0.400000 0.820000 1.348669
0.420000 0.820000 1.394342
0.440000 0.820000 1.438378
0.460000 0.820000 1.480733
0.480000 0.820000 1.521342
0.500000 0.820000 1.560112
0.520000 0.820000 1.596921
0.540000 0.820000 1.631611
0.560000 0.820000 1.663983
0.580000 0.820000 1.693788
0.600000 0.820000 1.720721
0.620000 0.820000 1.744406
0.640000 0.820000 1.764384
0.660000 0.820000 1.780097
0.680000 0.820000 1.790867
0.700000 0.820000 1.795871
0.720000 0.820000 1.794113
0.740000 0.820000 1.784383
0.760000 0.820000 1.765216
0.780000 0.820000 1.734839
0.800000 0.820000 1.691096
0.820000 0.820000 1.631375
0.840000 0.820000 1.552501
0.860000 0.820000 1.450618
0.880000 0.820000 1.321037
0.900000 0.820000 1.158058
0.920000 0.820000 0.954753
0.940000 0.820000 0.702711
0.960000 0.820000 0.391731
0.980000 0.820000 0.009479

0.000000 0.800000 0.009479
0.020000 0.800000 0.106940
0.040000 0.800000 0.201077
0.060000 0.800000 0.291921
0.080000 0.800000 0.379549
0.100000 0.800000 0.464071
0.120000 0.800000 0.545618
0.140000 0.800000 0.624331
0.160000 0.800000 0.700356
0.180000 0.800000 0.773835
0.200000 0.800000 0.844903
0.220000 0.800000 0.913686
0.240000 0.800000 0.980300
0.260000 0.800000 1.044849
0.280000 0.800000 1.107422
0.300000 0.800000 1.168097
0.320000 0.800000 1.226938
0.340000 0.800000 1.283996
0.360000 0.800000 1.339308
0.380000 0.800000 1.392893
0.400000 0.800000 1.444758
0.420000 0.800000 1.494890
0.440000 0.800000 1.543258
0.460000 0.800000 1.589808
0.480000 0.800000 1.634463
0.500000 0.800000 1.677118
0.520000 0.800000 1.717634
0.540000 0.800000 1.755835
0.560000 0.800000 1.791499
0.580000 0.800000 1.824351
0.600000 0.800000 1.854054
0.620000 0.800000 1.880193
0.640000 0.800000 1.902265
0.660000 0.800000 1.919658
0.680000 0.800000 1.931629
0.700000 0.800000 1.937281
0.720000 0.800000 1.935525
0.740000 0.800000 1.925046
0.760000 0.800000 1.904255
0.780000 0.800000 1.871229
0.800000 0.800000 1.823640
0.820000 0.800000 1.758676
0.840000 0.800000 1.672932
0.860000 0.800000 1.562284
0.880000 0.800000 1.421746
0.900000 0.800000 1.245280
0.920000 0.800000 1.025586
0.940000 0.800000 0.753843
0.960000 0.800000 0.419412
0.980000 0.800000 0.009479

0.000000 0.780000 0.009479
0.020000 0.780000 0.109769
0.040000 0.780000 0.207122
0.060000 0.780000 0.301530
0.080000 0.780000 0.393024
0.100000 0.780000 0.481663
0.120000 0.780000 0.567532
0.140000 0.780000 0.650725
0.160000 0.780000 0.731348
0.180000 0.780000 0.809507
0.200000 0.780000 0.885308
0.220000 0.780000 0.958849
0.240000 0.780000 1.030226
0.260000 0.780000 1.099522
0.280000 0.780000 1.166813
0.300000 0.780000 1.232162
0.320000 0.780000 1.295623
0.340000 0.780000 1.357235
0.360000 0.780000 1.417026
0.380000 0.780000 1.475007
0.400000 0.780000 1.531174
0.420000 0.780000 1.585507
0.440000 0.780000 1.637965
0.460000 0.780000 1.688482
0.480000 0.780000 1.736971
0.500000 0.780000 1.783312
0.520000 0.780000 1.827350
0.540000 0.780000 1.868891
0.560000 0.780000 1.907691
0.580000 0.780000 1.943450
0.600000 0.780000 1.975799
0.620000 0.780000 2.004288
0.640000 0.780000 2.028371
0.660000 0.780000 2.047385
0.680000 0.780000 2.060527
0.700000 0.780000 2.066829
0.720000 0.780000 2.065119
0.740000 0.780000 2.053984
0.760000 0.780000 2.031718
0.780000 0.780000 1.996263
0.800000 0.780000 1.945136
0.820000 0.780000 1.875343
0.840000 0.780000 1.783268
0.860000 0.780000 1.664554
0.880000 0.780000 1.513942
0.900000 0.780000 1.325094
0.920000 0.780000 1.090376
0.940000 0.780000 0.800598
0.960000 0.780000 0.444717
0.980000 0.780000 0.009479

0.000000 0.760000 0.009479
0.020000 0.760000 0.112168
0.040000 0.760000 0.212254
0.060000 0.760000 0.309706
0.080000 0.760000 0.404520
0.100000 0.760000 0.496721
0.120000 0.760000 0.586355
0.140000 0.760000 0.673482
0.160000 0.760000 0.758171
0.180000 0.760000 0.840498
0.200000 0.760000 0.920540
0.220000 0.760000 0.998374
0.240000 0.760000 1.074069
0.260000 0.760000 1.147694
0.280000 0.760000 1.219306
0.300000 0.760000 1.288955
0.320000 0.760000 1.356681
0.340000 0.760000 1.422513
0.360000 0.760000 1.486467
0.380000 0.760000 1.548546
0.400000 0.760000 1.608735
0.420000 0.760000 1.667003
0.440000 0.760000 1.723299
0.460000 0.760000 1.777548
0.480000 0.760000 1.829648
0.500000 0.760000 1.879466
0.520000 0.760000 1.926833
0.540000 0.760000 1.971534
0.560000 0.760000 2.013305
0.580000 0.760000 2.051822
0.600000 0.760000 2.086685
0.620000 0.760000 2.117412
0.640000 0.760000 2.143416
0.660000 0.760000 2.163986
0.680000 0.760000 2.178263
0.700000 0.760000 2.185213
0.720000 0.760000 2.183587
0.740000 0.760000 2.171881
0.760000 0.760000 2.148285
0.780000 0.760000 2.110616
0.800000 0.760000 2.056249
0.820000 0.760000 1.982026
0.840000 0.760000 1.884145
0.860000 0.760000 1.758032
0.880000 0.760000 1.598188
0.900000 0.760000 1.398004
0.920000 0.760000 1.149545
0.940000 0.760000 0.843287
0.960000 0.760000 0.467819
0.980000 0.760000 0.009479

0.000000 0.740000 0.009479
0.020000 0.740000 0.114210
0.040000 0.740000 0.216629
0.060000 0.740000 0.316686
0.080000 0.740000 0.414358
0.100000 0.740000 0.509641
0.120000 0.740000 0.602554
0.140000 0.740000 0.693128
0.160000 0.740000 0.781404
0.180000 0.740000 0.867430
0.200000 0.740000 0.951260
0.220000 0.740000 1.032947
0.240000 0.740000 1.112541
0.260000 0.740000 1.190092
0.280000 0.740000 1.265641
0.300000 0.740000 1.339224
0.320000 0.740000 1.410867
0.340000 0.740000 1.480588
0.360000 0.740000 1.548390
0.380000 0.740000 1.614267
0.400000 0.740000 1.678193
0.420000 0.740000 1.740126
0.440000 0.740000 1.800005
0.460000 0.740000 1.857743
0.480000 0.740000 1.913226
0.500000 0.740000 1.966306
0.520000 0.740000 2.016799
0.540000 0.740000 2.064473
0.560000 0.740000 2.109044
0.580000 0.740000 2.150162
0.600000 0.740000 2.187402
0.620000 0.740000 2.220248
0.640000 0.740000 2.248075
0.660000 0.740000 2.270129
0.680000 0.740000 2.285498
0.700000 0.740000 2.293088
0.720000 0.740000 2.291578
0.740000 0.740000 2.279382
0.760000 0.740000 2.254592
0.780000 0.740000 2.214914
0.800000 0.740000 2.157595
0.820000 0.740000 2.079327
0.840000 0.740000 1.976139
0.860000 0.740000 1.843265
0.880000 0.740000 1.674990
0.900000 0.740000 1.464459
0.920000 0.740000 1.203465
0.940000 0.740000 0.882183
0.960000 0.740000 0.488865
0.980000 0.740000 0.009479

0.000000 0.720000 0.009479
0.020000 0.720000 0.115953
0.040000 0.720000 0.220367
0.060000 0.720000 0.322660
0.080000 0.720000 0.422794
0.100000 0.720000 0.520746
0.120000 0.720000 0.616513
0.140000 0.720000 0.710102
0.160000 0.720000 0.801534
0.180000 0.720000 0.890834
0.200000 0.720000 0.978034
0.220000 0.720000 1.063167
0.240000 0.720000 1.146265
0.260000 0.720000 1.227360
0.280000 0.720000 1.306478
0.300000 0.720000 1.383641
0.320000 0.720000 1.458862
0.340000 0.720000 1.532146
0.360000 0.720000 1.603486
0.380000 0.720000 1.672862
0.400000 0.720000 1.740241
0.420000 0.720000 1.805568
0.440000 0.720000 1.868771
0.460000 0.720000 1.929753
0.480000 0.720000 1.988385
0.500000 0.720000 2.044507
0.520000 0.720000 2.097920
0.540000 0.720000 2.148374
0.560000 0.720000 2.195566
0.580000 0.720000 2.239123
0.600000 0.720000 2.278595
0.620000 0.720000 2.313434
0.640000 0.720000 2.342982
0.660000 0.720000 2.366442
0.680000 0.720000 2.382855
0.700000 0.720000 2.391070
0.720000 0.720000 2.389702
0.740000 0.720000 2.377088
0.760000 0.720000 2.351232
0.780000 0.720000 2.309741
0.800000 0.720000 2.249744
0.820000 0.720000 2.167798
0.840000 0.720000 2.059781
0.860000 0.720000 1.920753
0.880000 0.720000 1.744803
0.900000 0.720000 1.524859
0.920000 0.720000 1.252467
0.940000 0.720000 0.917527
0.960000 0.720000 0.507988
0.980000 0.720000 0.009479

0.000000 0.700000 0.009479
0.020000 0.700000 0.117446
0.040000 0.700000 0.223569
0.060000 0.700000 0.327783
0.080000 0.700000 0.430038
0.100000 0.700000 0.530299
0.120000 0.700000 0.628547
0.140000 0.700000 0.724772
0.160000 0.700000 0.818975
0.180000 0.700000 0.911163
0.200000 0.700000 1.001350
0.220000 0.700000 1.089552
0.240000 0.700000 1.175785
0.260000 0.700000 1.260064
0.280000 0.700000 1.342402
0.300000 0.700000 1.422806
0.320000 0.700000 1.501276
0.340000 0.700000 1.577807
0.360000 0.700000 1.652379
0.380000 0.700000 1.724962
0.400000 0.700000 1.795511
0.420000 0.700000 1.863962
0.440000 0.700000 1.930231
0.460000 0.700000 1.994208
0.480000 0.700000 2.055754
0.500000 0.700000 2.114696
0.520000 0.700000 2.170817
0.540000 0.700000 2.223855
0.560000 0.700000 2.273484
0.580000 0.700000 2.319314
0.600000 0.700000 2.360867
0.620000 0.700000 2.397570
0.640000 0.700000 2.428729
0.660000 0.700000 2.453511
0.680000 0.700000 2.470913
0.700000 0.700000 2.479732
0.720000 0.700000 2.478524
0.740000 0.700000 2.465557
0.760000 0.700000 2.438756
0.780000 0.700000 2.395636
0.800000 0.700000 2.333219
0.820000 0.700000 2.247944
0.840000 0.700000 2.135551
0.860000 0.700000 1.990945
0.880000 0.700000 1.808039
0.900000 0.700000 1.579564
0.920000 0.700000 1.296844
0.940000 0.700000 0.949534
0.960000 0.700000 0.525305
0.980000 0.700000 0.009479

0.000000 0.680000 0.009479
0.020000 0.680000 0.118724
0.040000 0.680000 0.226313
0.060000 0.680000 0.332177
0.080000 0.680000 0.436261
0.100000 0.680000 0.538520
0.120000 0.680000 0.638921
0.140000 0.680000 0.737444
0.160000 0.680000 0.834073
0.180000 0.680000 0.928801
0.200000 0.680000 1.021627
0.220000 0.680000 1.112551
0.240000 0.680000 1.201575
0.260000 0.680000 1.288701
0.280000 0.680000 1.373927
0.300000 0.680000 1.457249
0.320000 0.680000 1.538655
0.340000 0.680000 1.618126
0.360000 0.680000 1.695634
0.380000 0.680000 1.771136
0.400000 0.680000 1.844578
0.420000 0.680000 1.915885
0.440000 0.680000 1.984962
0.460000 0.680000 2.051688
0.480000 0.680000 2.115912
0.500000 0.680000 2.177447
0.520000 0.680000 2.236065
0.540000 0.680000 2.291486
0.560000 0.680000 2.343367
0.580000 0.680000 2.391297
0.600000 0.680000 2.434778
0.620000 0.680000 2.473209
0.640000 0.680000 2.505866
0.660000 0.680000 2.531881
0.680000 0.680000 2.550212
0.700000 0.680000 2.559608
0.720000 0.680000 2.558571
0.740000 0.680000 2.545308
0.760000 0.680000 2.517671
0.780000 0.680000 2.473092
0.800000 0.680000 2.408501
0.820000 0.680000 2.320228
0.840000 0.680000 2.203888
0.860000 0.680000 2.054250
0.880000 0.680000 1.865068
0.900000 0.680000 1.628897
0.920000 0.680000 1.336862
0.940000 0.680000 0.978395
0.960000 0.680000 0.540920
0.980000 0.680000 0.009479

0.000000 0.660000 0.009479
0.020000 0.660000 0.119819
0.040000 0.660000 0.228665
0.060000 0.660000 0.335946
0.080000 0.660000 0.441604
0.100000 0.660000 0.545588
0.120000 0.660000 0.647855
0.140000 0.660000 0.748375
0.160000 0.660000 0.847122
0.180000 0.660000 0.944076
0.200000 0.660000 1.039223
0.220000 0.660000 1.132550
0.240000 0.660000 1.224048
0.260000 0.660000 1.313705
0.280000 0.660000 1.401508
0.300000 0.660000 1.487440
0.320000 0.660000 1.571480
0.340000 0.660000 1.653598
0.360000 0.660000 1.733754
0.380000 0.660000 1.811897
0.400000 0.660000 1.887960
0.420000 0.660000 1.961860
0.440000 0.660000 2.033490
0.460000 0.660000 2.102719
0.480000 0.660000 2.169386
0.500000 0.660000 2.233290
0.520000 0.660000 2.294191
0.540000 0.660000 2.351791
0.560000 0.660000 2.405736
0.580000 0.660000 2.455593
0.600000 0.660000 2.500844
0.620000 0.660000 2.540862
0.640000 0.660000 2.574899
0.660000 0.660000 2.602054
0.680000 0.660000 2.621247
0.700000 0.660000 2.631186
0.720000 0.660000 2.630325
0.740000 0.660000 2.616814
0.760000 0.660000 2.588441
0.780000 0.660000 2.542565
0.800000 0.660000 2.476030
0.820000 0.660000 2.385070
0.840000 0.660000 2.265192
0.860000 0.660000 2.111039
0.880000 0.660000 1.916226
0.900000 0.660000 1.673149
0.920000 0.660000 1.372756
0.940000 0.660000 1.004282
0.960000 0.660000 0.554924
0.980000 0.660000 0.009479

0.000000 0.640000 0.009479
0.020000 0.640000 0.120755
0.040000 0.640000 0.230677
0.060000 0.640000 0.339174
0.080000 0.640000 0.446184
0.100000 0.640000 0.551653
0.120000 0.640000 0.655533
0.140000 0.640000 0.757783
0.160000 0.640000 0.858371
0.180000 0.640000 0.957266
0.200000 0.640000 1.054444
0.220000 0.640000 1.149882
0.240000 0.640000 1.243559
0.260000 0.640000 1.335452
0.280000 0.640000 1.425540
0.300000 0.640000 1.513793
0.320000 0.640000 1.600181
0.340000 0.640000 1.684663
0.360000 0.640000 1.767190
0.380000 0.640000 1.847702
0.400000 0.640000 1.926121
0.420000 0.640000 2.002356
0.440000 0.640000 2.076289
0.460000 0.640000 2.147779
0.480000 0.640000 2.216654
0.500000 0.640000 2.282703
0.520000 0.640000 2.345671
0.540000 0.640000 2.405250
0.560000 0.640000 2.461067
0.580000 0.640000 2.512675
0.600000 0.640000 2.559534
0.620000 0.640000 2.600998
0.640000 0.640000 2.636293
0.660000 0.640000 2.664488
0.680000 0.640000 2.684472
0.700000 0.640000 2.694916
0.720000 0.640000 2.694228
0.740000 0.640000 2.680509
0.760000 0.640000 2.651491
0.780000 0.640000 2.604465
0.800000 0.640000 2.536202
0.820000 0.640000 2.442851
0.840000 0.640000 2.319820
0.860000 0.640000 2.161643
0.880000 0.640000 1.961811
0.900000 0.640000 1.712580
0.920000 0.640000 1.404739
0.940000 0.640000 1.027346
0.960000 0.640000 0.567402
0.980000 0.640000 0.009479

0.000000 0.620000 0.009479
0.020000 0.620000 0.121554
0.040000 0.620000 0.232394
0.060000 0.620000 0.341929
0.080000 0.620000 0.450097
0.100000 0.620000 0.556840
0.120000 0.620000 0.662106
0.140000 0.620000 0.765849
0.160000 0.620000 0.868029
0.180000 0.620000 0.968608
0.200000 0.620000 1.067553
0.220000 0.620000 1.164832
0.240000 0.620000 1.260415
0.260000 0.620000 1.354271
0.280000 0.620000 1.446367
0.300000 0.620000 1.536668
0.320000 0.620000 1.625131
0.340000 0.620000 1.711707
0.360000 0.620000 1.796339
0.380000 0.620000 1.878957
0.400000 0.620000 1.959476
0.420000 0.620000 2.037793
0.440000 0.620000 2.113784
0.460000 0.620000 2.187296
0.480000 0.620000 2.258148
0.500000 0.620000 2.326118
0.520000 0.620000 2.390940
0.540000 0.620000 2.452293
0.560000 0.620000 2.509791
0.580000 0.620000 2.562971
0.600000 0.620000 2.611276
0.620000 0.620000 2.654040
0.640000 0.620000 2.690467
0.660000 0.620000 2.719600
0.680000 0.620000 2.740299
0.700000 0.620000 2.751201
0.720000 0.620000 2.750677
0.740000 0.620000 2.736783
0.760000 0.620000 2.707200
0.780000 0.620000 2.659163
0.800000 0.620000 2.589375
0.820000 0.620000 2.493911
0.840000 0.620000 2.368093
0.860000 0.620000 2.206360
0.880000 0.620000 2.002091
0.900000 0.620000 1.747420
0.920000 0.620000 1.432998
0.940000 0.620000 1.047725
0.960000 0.620000 0.578427
0.980000 0.620000 0.009479

0.000000 0.600000 0.009479
0.020000 0.600000 0.122231
0.040000 0.600000 0.233851
0.060000 0.600000 0.344270
0.080000 0.600000 0.453423
0.100000 0.600000 0.561253
0.120000 0.600000 0.667704
0.140000 0.600000 0.772725
0.160000 0.600000 0.876272
0.180000 0.600000 0.978300
0.200000 0.600000 1.078770
0.220000 0.600000 1.177642
0.240000 0.600000 1.274879
0.260000 0.600000 1.370442
0.280000 0.600000 1.464290
0.300000 0.600000 1.556378
0.320000 0.600000 1.646657
0.340000 0.600000 1.735070
0.360000 0.600000 1.821551
0.380000 0.600000 1.906022
0.400000 0.600000 1.988390
0.420000 0.600000 2.068544
0.440000 0.600000 2.146351
0.460000 0.600000 2.221650
0.480000 0.600000 2.294250
0.500000 0.600000 2.363921
0.520000 0.600000 2.430384
0.540000 0.600000 2.493308
0.560000 0.600000 2.552295
0.580000 0.600000 2.606867
0.600000 0.600000 2.656453
0.620000 0.600000 2.700369
0.640000 0.600000 2.737798
0.660000 0.600000 2.767762
0.680000 0.600000 2.789096
0.700000 0.600000 2.800406
0.720000 0.600000 2.800030
0.740000 0.600000 2.785986
0.760000 0.600000 2.755911
0.780000 0.600000 2.706989
0.800000 0.600000 2.635867
0.820000 0.600000 2.538552
0.840000 0.600000 2.410296
0.860000 0.600000 2.245450
0.880000 0.600000 2.037301
0.900000 0.600000 1.777872
0.920000 0.600000 1.457696
0.940000 0.600000 1.065535
0.960000 0.600000 0.588061
0.980000 0.600000 0.009479

0.000000 0.580000 0.009479
0.020000 0.580000 0.122802
0.040000 0.580000 0.235079
0.060000 0.580000 0.346242
0.080000 0.580000 0.456228
0.100000 0.580000 0.564977
0.120000 0.580000 0.672431
0.140000 0.580000 0.778539
0.160000 0.580000 0.883248
0.180000 0.580000 0.986512
0.200000 0.580000 1.088285
0.220000 0.580000 1.188521
0.240000 0.580000 1.287177
0.260000 0.580000 1.384207
0.280000 0.580000 1.479563
0.300000 0.580000 1.573194
0.320000 0.580000 1.665043
0.340000 0.580000 1.755046
0.360000 0.580000 1.843130
0.380000 0.580000 1.929210
0.400000 0.580000 2.013184
0.420000 0.580000 2.094935
0.440000 0.580000 2.174322
0.460000 0.580000 2.251177
0.480000 0.580000 2.325300
0.500000 0.580000 2.396451
0.520000 0.580000 2.464343
0.540000 0.580000 2.528636
0.560000 0.580000 2.588919
0.580000 0.580000 2.644703
0.600000 0.580000 2.695403
0.620000 0.580000 2.740320
0.640000 0.580000 2.778619
0.660000 0.580000 2.809305
0.680000 0.580000 2.831189
0.700000 0.580000 2.842851
0.720000 0.580000 2.842602
0.740000 0.580000 2.828426
0.760000 0.580000 2.797922
0.780000 0.580000 2.748233
0.800000 0.580000 2.675955
0.820000 0.580000 2.577040
0.840000 0.580000 2.446676
0.860000 0.580000 2.279143
0.880000 0.580000 2.067644
0.900000 0.580000 1.804114
0.920000 0.580000 1.478977
0.940000 0.580000 1.080879
0.960000 0.580000 0.596362
0.980000 0.580000 0.009479

0.000000 0.560000 0.009479
0.020000 0.560000 0.123278
0.040000 0.560000 0.236102
0.060000 0.560000 0.347886
0.080000 0.560000 0.458566
0.100000 0.560000 0.568083
0.120000 0.560000 0.676377
0.140000 0.560000 0.783394
0.160000 0.560000 0.889080
0.180000 0.560000 0.993383
0.200000 0.560000 1.096254
0.220000 0.560000 1.197642
0.240000 0.560000 1.297497
0.260000 0.560000 1.395770
0.280000 0.560000 1.492405
0.300000 0.560000 1.587346
0.320000 0.560000 1.680531
0.340000 0.560000 1.771888
0.360000 0.560000 1.861337
0.380000 0.560000 1.948788
0.400000 0.560000 2.034134
0.420000 0.560000 2.117248
0.440000 0.560000 2.197985
0.460000 0.560000 2.276168
0.480000 0.560000 2.351590
0.500000 0.560000 2.424005
0.520000 0.560000 2.493117
0.540000 0.560000 2.558576
0.560000 0.560000 2.619962
0.580000 0.560000 2.676776
0.600000 0.560000 2.728422
0.620000 0.560000 2.774187
0.640000 0.560000 2.813222
0.660000 0.560000 2.844516
0.680000 0.560000 2.866859
0.700000 0.560000 2.878814
0.720000 0.560000 2.878664
0.740000 0.560000 2.864368
0.760000 0.560000 2.833492
0.780000 0.560000 2.783143
0.800000 0.560000 2.709878
0.820000 0.560000 2.609600
0.840000 0.560000 2.477446
0.860000 0.560000 2.307632
0.880000 0.560000 2.093297
0.900000 0.560000 1.826294
0.920000 0.560000 1.496961
0.940000 0.560000 1.093846
0.960000 0.560000 0.603376
0.980000 0.560000 0.009479

0.000000 0.540000 0.009479
0.020000 0.540000 0.123667
0.040000 0.540000 0.236939
0.060000 0.540000 0.349232
0.080000 0.540000 0.460482
0.100000 0.540000 0.570629
0.120000 0.540000 0.679614
0.140000 0.540000 0.787380
0.160000 0.540000 0.893870
0.180000 0.540000 0.999031
0.200000 0.540000 1.102808
0.220000 0.540000 1.205149
0.240000 0.540000 1.305999
0.260000 0.540000 1.405302
0.280000 0.540000 1.503000
0.300000 0.540000 1.599030
0.320000 0.540000 1.693325
0.340000 0.540000 1.785808
0.360000 0.540000 1.876395
0.380000 0.540000 1.964988
0.400000 0.540000 2.051475
0.420000 0.540000 2.135725
0.440000 0.540000 2.217584
0.460000 0.540000 2.296872
0.480000 0.540000 2.373374
0.500000 0.540000 2.446837
0.520000 0.540000 2.516959
0.540000 0.540000 2.583382
0.560000 0.540000 2.645679
0.580000 0.540000 2.703341
0.600000 0.540000 2.755762
0.620000 0.540000 2.802220
0.640000 0.540000 2.841854
0.660000 0.540000 2.873638
0.680000 0.540000 2.896348
0.700000 0.540000 2.908530
0.720000 0.540000 2.908447
0.740000 0.540000 2.894036
0.760000 0.540000 2.862838
0.780000 0.540000 2.811930
0.800000 0.540000 2.737836
0.820000 0.540000 2.636422
0.840000 0.540000 2.502781
0.860000 0.540000 2.331080
0.880000 0.540000 2.114402
0.900000 0.540000 1.844536
0.920000 0.540000 1.511750
0.940000 0.540000 1.104506
0.960000 0.540000 0.609141
0.980000 0.540000 0.009479

0.000000 0.520000 0.009479
0.020000 0.520000 0.123977
0.040000 0.520000 0.237607
0.060000 0.520000 0.350306
0.080000 0.520000 0.462011
0.100000 0.520000 0.572662
0.120000 0.520000 0.682200
0.140000 0.520000 0.790565
0.160000 0.520000 0.897700
0.180000 0.520000 1.003549
0.200000 0.520000 1.108055
0.220000 0.520000 1.211162
0.240000 0.520000 1.312811
0.260000 0.520000 1.412944
0.280000 0.520000 1.511497
0.300000 0.520000 1.608405
0.320000 0.520000 1.703594
0.340000 0.520000 1.796985
0.360000 0.520000 1.888488
0.380000 0.520000 1.978000
0.400000 0.520000 2.065405
0.420000 0.520000 2.150566
0.440000 0.520000 2.233326
0.460000 0.520000 2.313497
0.480000 0.520000 2.390861
0.500000 0.520000 2.465158
0.520000 0.520000 2.536082
0.540000 0.520000 2.603268
0.560000 0.520000 2.666282
0.580000 0.520000 2.724608
0.600000 0.520000 2.777634
0.620000 0.520000 2.824628
0.640000 0.520000 2.864720
0.660000 0.520000 2.896873
0.680000 0.520000 2.919854
0.700000 0.520000 2.932193
0.720000 0.520000 2.932139
0.740000 0.520000 2.917613
0.760000 0.520000 2.886136
0.780000 0.520000 2.834762
0.800000 0.520000 2.759990
0.820000 0.520000 2.657657
0.840000 0.520000 2.522822
0.860000 0.520000 2.349616
0.880000 0.520000 2.131075
0.900000 0.520000 1.858940
0.920000 0.520000 1.523421
0.940000 0.520000 1.112916
0.960000 0.520000 0.613689
0.980000 0.520000 0.009479

0.000000 0.500000 0.009479
0.020000 0.500000 0.124215
0.040000 0.500000 0.238119
0.060000 0.500000 0.351128
0.080000 0.500000 0.463182
0.100000 0.500000 0.574220
0.120000 0.500000 0.684181
0.140000 0.500000 0.793006
0.160000 0.500000 0.900636
0.180000 0.500000 1.007014
0.200000 0.500000 1.112080
0.220000 0.500000 1.215775
0.240000 0.500000 1.318039
0.260000 0.500000 1.418809
0.280000 0.500000 1.518020
0.300000 0.500000 1.615601
0.320000 0.500000 1.711476
0.340000 0.500000 1.805562
0.360000 0.500000 1.897765
0.380000 0.500000 1.987979
0.400000 0.500000 2.076082
0.420000 0.500000 2.161935
0.440000 0.500000 2.245375
0.460000 0.500000 2.326211
0.480000 0.500000 2.404221
0.500000 0.500000 2.479141
0.520000 0.500000 2.550659
0.540000 0.500000 2.618405
0.560000 0.500000 2.681942
0.580000 0.500000 2.740748
0.600000 0.500000 2.794204
0.620000 0.500000 2.841574
0.640000 0.500000 2.881981
0.660000 0.500000 2.914380
0.680000 0.500000 2.937530
0.700000 0.500000 2.949952
0.720000 0.500000 2.949886
0.740000 0.500000 2.935239
0.760000 0.500000 2.903520
0.780000 0.500000 2.851767
0.800000 0.500000 2.776460
0.820000 0.500000 2.673419
0.840000 0.500000 2.537675
0.860000 0.500000 2.363334
0.880000 0.500000 2.143399
0.900000 0.500000 1.869576
0.920000 0.500000 1.532032
0.940000 0.500000 1.119118
0.960000 0.500000 0.617042
0.980000 0.500000 0.009479

0.000000 0.480000 0.009479
0.020000 0.480000 0.124384
0.040000 0.480000 0.238483
0.060000 0.480000 0.351714
0.080000 0.480000 0.464016
0.100000 0.480000 0.575329
0.120000 0.480000 0.685592
0.140000 0.480000 0.794745
0.160000 0.480000 0.902729
0.180000 0.480000 1.009483
0.200000 0.480000 1.114947
0.220000 0.480000 1.219061
0.240000 0.480000 1.321762
0.260000 0.480000 1.422984
0.280000 0.480000 1.522661
0.300000 0.480000 1.620718
0.320000 0.480000 1.717077
0.340000 0.480000 1.811651
0.360000 0.480000 1.904343
0.380000 0.480000 1.995044
0.400000 0.480000 2.083630
0.420000 0.480000 2.169957
0.440000 0.480000 2.253860
0.460000 0.480000 2.335145
0.480000 0.480000 2.413586
0.500000 0.480000 2.488916
0.520000 0.480000 2.560819
0.540000 0.480000 2.628923
0.560000 0.480000 2.692787
0.580000 0.480000 2.751886
0.600000 0.480000 2.805598
0.620000 0.480000 2.853181
0.640000 0.480000 2.893756
0.660000 0.480000 2.926274
0.680000 0.480000 2.949489
0.700000 0.480000 2.961916
0.720000 0.480000 2.961791
0.740000 0.480000 2.947013
0.760000 0.480000 2.915083
0.780000 0.480000 2.863032
0.800000 0.480000 2.787330
0.820000 0.480000 2.683782
0.840000 0.480000 2.547408
0.860000 0.480000 2.372296
0.880000 0.480000 2.151429
0.900000 0.480000 1.876491
0.920000 0.480000 1.537621
0.940000 0.480000 1.123138
0.960000 0.480000 0.619213
0.980000 0.480000 0.009479

0.000000 0.460000 0.009479
0.020000 0.460000 0.124488
0.040000 0.460000 0.238707
0.060000 0.460000 0.352074
0.080000 0.460000 0.464529
0.100000 0.460000 0.576011
0.120000 0.460000 0.686459
0.140000 0.460000 0.795813
0.160000 0.460000 0.904013
0.180000 0.460000 1.010997
0.200000 0.460000 1.116704
0.220000 0.460000 1.221072
0.240000 0.460000 1.324037
0.260000 0.460000 1.425533
0.280000 0.460000 1.525488
0.300000 0.460000 1.623827
0.320000 0.460000 1.720471
0.340000 0.460000 1.815329
0.360000 0.460000 1.908303
0.380000 0.460000 1.999281
0.400000 0.460000 2.088136
0.420000 0.460000 2.174723
0.440000 0.460000 2.258873
0.460000 0.460000 2.340391
0.480000 0.460000 2.419048
0.500000 0.460000 2.494575
0.520000 0.460000 2.566655
0.540000 0.460000 2.634913
0.560000 0.460000 2.698907
0.580000 0.460000 2.758109
0.600000 0.460000 2.811898
0.620000 0.460000 2.859529
0.640000 0.460000 2.900122
0.660000 0.460000 2.932628
0.680000 0.460000 2.955798
0.700000 0.460000 2.968149
0.720000 0.460000 2.967913
0.740000 0.460000 2.952988
0.760000 0.460000 2.920876
0.780000 0.460000 2.868604
0.800000 0.460000 2.792639
0.820000 0.460000 2.688784
0.840000 0.460000 2.552054
0.860000 0.460000 2.376529
0.880000 0.460000 2.155189
0.900000 0.460000 1.879703
0.920000 0.460000 1.540200
0.940000 0.460000 1.124985
0.960000 0.460000 0.620208
0.980000 0.460000 0.009479

0.000000 0.440000 0.009479
0.020000 0.440000 0.124529
0.040000 0.440000 0.238795
0.060000 0.440000 0.352215
0.080000 0.440000 0.464730
0.100000 0.440000 0.576277
0.120000 0.440000 0.686797
0.140000 0.440000 0.796229
0.160000 0.440000 0.904511
0.180000 0.440000 1.011582
0.200000 0.440000 1.117380
0.220000 0.440000 1.221842
0.240000 0.440000 1.324902
0.260000 0.440000 1.426493
0.280000 0.440000 1.526543
0.300000 0.440000 1.624975
0.320000 0.440000 1.721708
0.340000 0.440000 1.816649
0.360000 0.440000 1.909699
0.380000 0.440000 2.000744
0.400000 0.440000 2.089655
0.420000 0.440000 2.176287
0.440000 0.440000 2.260468
0.460000 0.440000 2.342003
0.480000 0.440000 2.420660
0.500000 0.440000 2.496171
0.520000 0.440000 2.568217
0.540000 0.440000 2.636423
0.560000 0.440000 2.700346
0.580000 0.440000 2.759461
0.600000 0.440000 2.813144
0.620000 0.440000 2.860655
0.640000 0.440000 2.901112
0.660000 0.440000 2.933470
0.680000 0.440000 2.956483
0.700000 0.440000 2.968670
0.720000 0.440000 2.968267
0.740000 0.440000 2.953177
0.760000 0.440000 2.920905
0.780000 0.440000 2.868485
0.800000 0.440000 2.792387
0.820000 0.440000 2.688421
0.840000 0.440000 2.551605
0.860000 0.440000 2.376027
0.880000 0.440000 2.154668
0.900000 0.440000 1.879204
0.920000 0.440000 1.539764
0.940000 0.440000 1.124654
0.960000 0.440000 0.620024
0.980000 0.440000 0.009479

0.000000 0.420000 0.009479
0.020000 0.420000 0.124507
0.040000 0.420000 0.238748
0.060000 0.420000 0.352140
0.080000 0.420000 0.464622
0.100000 0.420000 0.576134
0.120000 0.420000 0.686613
0.140000 0.420000 0.796000
0.160000 0.420000 0.904233
0.180000 0.420000 1.011250
0.200000 0.420000 1.116988
0.220000 0.420000 1.221384
0.240000 0.420000 1.324372
0.260000 0.420000 1.425883
0.280000 0.420000 1.525845
0.300000 0.420000 1.624181
0.320000 0.420000 1.720806
0.340000 0.420000 1.815630
0.360000 0.420000 1.908550
0.380000 0.420000 1.999453
0.400000 0.420000 2.088209
0.420000 0.420000 2.174670
0.440000 0.420000 2.258666
0.460000 0.420000 2.340000
0.480000 0.420000 2.418440
0.500000 0.420000 2.493719
0.520000 0.420000 2.565517
0.540000 0.420000 2.633462
0.560000 0.420000 2.697112
0.580000 0.420000 2.755944
0.600000 0.420000 2.809336
0.620000 0.420000 2.856551
0.640000 0.420000 2.896715
0.660000 0.420000 2.928785
0.680000 0.420000 2.951523
0.700000 0.420000 2.963454
0.720000 0.420000 2.962825
0.740000 0.420000 2.947546
0.760000 0.420000 2.915134
0.780000 0.420000 2.862634
0.800000 0.420000 2.786532
0.820000 0.420000 2.682648
0.840000 0.420000 2.546019
0.860000 0.420000 2.370746
0.880000 0.420000 2.149828
0.900000 0.420000 1.874957
0.920000 0.420000 1.536281
0.940000 0.420000 1.122122
0.960000 0.420000 0.618647
0.980000 0.420000 0.009479

0.000000 0.400000 0.009479
0.020000 0.400000 0.124423
0.040000 0.400000 0.238566
0.060000 0.400000 0.351847
0.080000 0.400000 0.464205
0.100000 0.400000 0.575578
0.120000 0.400000 0.685904
0.140000 0.400000 0.795124
0.160000 0.400000 0.903175
0.180000 0.400000 1.009996
0.200000 0.400000 1.115523
0.220000 0.400000 1.219694
0.240000 0.400000 1.322441
0.260000 0.400000 1.423697
0.280000 0.400000 1.523388
0.300000 0.400000 1.621437
0.320000 0.400000 1.717760
0.340000 0.400000 1.812265
0.360000 0.400000 1.904849
0.380000 0.400000 1.995399
0.400000 0.400000 2.083785
0.420000 0.400000 2.169859
0.440000 0.400000 2.253450
0.460000 0.400000 2.334363
0.480000 0.400000 2.412367
0.500000 0.400000 2.487194
0.520000 0.400000 2.558528
0.540000 0.400000 2.626000
0.560000 0.400000 2.689169
0.580000 0.400000 2.747516
0.600000 0.400000 2.800427
0.620000 0.400000 2.847170
0.640000 0.400000 2.886876
0.660000 0.400000 2.918514
0.680000 0.400000 2.940853
0.700000 0.400000 2.952433
0.720000 0.400000 2.951511
0.740000 0.400000 2.936016
0.760000 0.400000 2.903480
0.780000 0.400000 2.850968
0.800000 0.400000 2.774986
0.820000 0.400000 2.671380
0.840000 0.400000 2.535209
0.860000 0.400000 2.360604
0.880000 0.400000 2.140592
0.900000 0.400000 1.866896
0.920000 0.400000 1.529696
0.940000 0.400000 1.117350
0.960000 0.400000 0.616057
0.980000 0.400000 0.009479

0.000000 0.380000 0.009479
0.020000 0.380000 0.124274
0.040000 0.380000 0.238246
0.060000 0.380000 0.351332
0.080000 0.380000 0.463471
0.100000 0.380000 0.574600
0.120000 0.380000 0.684659
0.140000 0.380000 0.793587
0.160000 0.380000 0.901321
0.180000 0.380000 1.007801
0.200000 0.380000 1.112965
0.220000 0.380000 1.216748
0.240000 0.380000 1.319084
0.260000 0.380000 1.419906
0.280000 0.380000 1.519141
0.300000 0.380000 1.616712
0.320000 0.380000 1.712534
0.340000 0.380000 1.806516
0.360000 0.380000 1.898556
0.380000 0.380000 1.988540
0.400000 0.380000 2.076338
0.420000 0.380000 2.161805
0.440000 0.380000 2.244770
0.460000 0.380000 2.325037
0.480000 0.380000 2.402381
0.500000 0.380000 2.476533
0.520000 0.380000 2.547183
0.540000 0.380000 2.613962
0.560000 0.380000 2.676438
0.580000 0.380000 2.734097
0.600000 0.380000 2.786330
0.620000 0.380000 2.832415
0.640000 0.380000 2.871495
0.660000 0.380000 2.902549
0.680000 0.380000 2.924362
0.700000 0.380000 2.935488
0.720000 0.380000 2.934205
0.740000 0.380000 2.918462
0.760000 0.380000 2.885814
0.780000 0.380000 2.833355
0.800000 0.380000 2.757619
0.820000 0.380000 2.654485
0.840000 0.380000 2.519050
0.860000 0.380000 2.345481
0.880000 0.380000 2.126849
0.900000 0.380000 1.854923
0.920000 0.380000 1.519930
0.940000 0.380000 1.110278
0.960000 0.380000 0.612222
0.980000 0.380000 0.009479

0.000000 0.360000 0.009479
0.020000 0.360000 0.124058
0.040000 0.360000 0.237782
0.060000 0.360000 0.350585
0.080000 0.360000 0.462407
0.100000 0.360000 0.573184
0.120000 0.360000 0.682857
0.140000 0.360000 0.791363
0.160000 0.360000 0.898642
0.180000 0.360000 1.004633
0.200000 0.360000 1.109275
0.220000 0.360000 1.212504
0.240000 0.360000 1.314255
0.260000 0.360000 1.414462
0.280000 0.360000 1.513051
0.300000 0.360000 1.609947
0.320000 0.360000 1.705067
0.340000 0.360000 1.798318
0.360000 0.360000 1.889601
0.380000 0.360000 1.978801
0.400000 0.360000 2.065791
0.420000 0.360000 2.150426
0.440000 0.360000 2.232537
0.460000 0.360000 2.311932
0.480000 0.360000 2.388385
0.500000 0.360000 2.461635
0.520000 0.360000 2.531373
0.540000 0.360000 2.597237
0.560000 0.360000 2.658801
0.580000 0.360000 2.715558
0.600000 0.360000 2.766911
0.620000 0.360000 2.812149
0.640000 0.360000 2.850427
0.660000 0.360000 2.880739
0.680000 0.360000 2.901891
0.700000 0.360000 2.912456
0.720000 0.360000 2.910736
0.740000 0.360000 2.894707
0.760000 0.360000 2.861959
0.780000 0.360000 2.809615
0.800000 0.360000 2.734251
0.820000 0.360000 2.631788
0.840000 0.360000 2.497370
0.860000 0.360000 2.325217
0.880000 0.360000 2.108453
0.900000 0.360000 1.838909
0.920000 0.360000 1.506875
0.940000 0.360000 1.100829
0.960000 0.360000 0.607099
0.980000 0.360000 0.009479

0.000000 0.340000 0.009479
0.020000 0.340000 0.123772
0.040000 0.340000 0.237165
0.060000 0.340000 0.349593
0.080000 0.340000 0.460994
0.100000 0.340000 0.571306
0.120000 0.340000 0.680466
0.140000 0.340000 0.788416
0.160000 0.340000 0.895094
0.180000 0.340000 1.000442
0.200000 0.340000 1.104398
0.220000 0.340000 1.206900
0.240000 0.340000 1.307887
0.260000 0.340000 1.407290
0.280000 0.340000 1.505039
0.300000 0.340000 1.601059
0.320000 0.340000 1.695267
0.340000 0.340000 1.787575
0.360000 0.340000 1.877882
0.380000 0.340000 1.966076
0.400000 0.340000 2.052032
0.420000 0.340000 2.135604
0.440000 0.340000 2.216630
0.460000 0.340000 2.294917
0.480000 0.340000 2.370245
0.500000 0.340000 2.442357
0.520000 0.340000 2.510949
0.540000 0.340000 2.575668
0.560000 0.340000 2.636094
0.580000 0.340000 2.691731
0.600000 0.340000 2.741994
0.620000 0.340000 2.786185
0.640000 0.340000 2.823477
0.660000 0.340000 2.852883
0.680000 0.340000 2.873231
0.700000 0.340000 2.883120
0.720000 0.340000 2.880883
0.740000 0.340000 2.864529
0.760000 0.340000 2.831684
0.780000 0.340000 2.779518
0.800000 0.340000 2.704653
0.820000 0.340000 2.603065
0.840000 0.340000 2.469954
0.860000 0.340000 2.299606
0.880000 0.340000 2.085216
0.900000 0.340000 1.818688
0.920000 0.340000 1.490397
0.940000 0.340000 1.088906
0.960000 0.340000 0.600636
0.980000 0.340000 0.009479

0.000000 0.320000 0.009479
0.020000 0.320000 0.123409
0.040000 0.320000 0.236383
0.060000 0.320000 0.348338
0.080000 0.320000 0.459207
0.100000 0.320000 0.568930
0.120000 0.320000 0.677446
0.140000 0.320000 0.784695
0.160000 0.320000 0.890619
0.180000 0.320000 0.995160
0.200000 0.320000 1.098258
0.220000 0.320000 1.199855
0.240000 0.320000 1.299887
0.260000 0.320000 1.398291
0.280000 0.320000 1.494998
0.300000 0.320000 1.589933
0.320000 0.320000 1.683017
0.340000 0.320000 1.774161
0.360000 0.320000 1.863267
0.380000 0.320000 1.950226
0.400000 0.320000 2.034913
0.420000 0.320000 2.117187
0.440000 0.320000 2.196887
0.460000 0.320000 2.273825
0.480000 0.320000 2.347786
0.500000 0.320000 2.418516
0.520000 0.320000 2.485722
0.540000 0.320000 2.549056
0.560000 0.320000 2.608110
0.580000 0.320000 2.662400
0.600000 0.320000 2.711353
0.620000 0.320000 2.754291
0.640000 0.320000 2.790404
0.660000 0.320000 2.818731
0.680000 0.320000 2.838124
0.700000 0.320000 2.847216
0.720000 0.320000 2.844374
0.740000 0.320000 2.827648
0.760000 0.320000 2.794710
0.780000 0.320000 2.742782
0.800000 0.320000 2.668546
0.820000 0.320000 2.568038
0.840000 0.320000 2.436535
0.860000 0.320000 2.268397
0.880000 0.320000 2.056907
0.900000 0.320000 1.794060
0.920000 0.320000 1.470330
0.940000 0.320000 1.074387
0.960000 0.320000 0.592766
0.980000 0.320000 0.009479

0.000000 0.300000 0.009479
0.020000 0.300000 0.122962
0.040000 0.300000 0.235423
0.060000 0.300000 0.346795
0.080000 0.300000 0.457012
0.100000 0.300000 0.566015
0.120000 0.300000 0.673742
0.140000 0.300000 0.780137
0.160000 0.300000 0.885143
0.180000 0.300000 0.988703
0.200000 0.300000 1.090762
0.220000 0.300000 1.191261
0.240000 0.300000 1.290142
0.260000 0.300000 1.387343
0.280000 0.300000 1.482795
0.300000 0.300000 1.576429
0.320000 0.300000 1.668165
0.340000 0.300000 1.757917
0.360000 0.300000 1.845590
0.380000 0.300000 1.931076
0.400000 0.300000 2.014253
0.420000 0.300000 2.094984
0.440000 0.300000 2.173110
0.460000 0.300000 2.248449
0.480000 0.300000 2.320791
0.500000 0.300000 2.389890
0.520000 0.300000 2.455458
0.540000 0.300000 2.517160
0.560000 0.300000 2.574597
0.580000 0.300000 2.627301
0.600000 0.300000 2.674717
0.620000 0.300000 2.716183
0.640000 0.300000 2.750916
0.660000 0.300000 2.777980
0.680000 0.300000 2.796260
0.700000 0.300000 2.804424
0.720000 0.300000 2.800881
0.740000 0.300000 2.783731
0.760000 0.300000 2.750699
0.780000 0.300000 2.699069
0.800000 0.300000 2.625591
0.820000 0.300000 2.526379
0.840000 0.300000 2.396794
0.860000 0.300000 2.231290
0.880000 0.300000 2.023251
0.900000 0.300000 1.764782
0.920000 0.300000 1.446476
0.940000 0.300000 1.057129
0.960000 0.300000 0.583411
0.980000 0.300000 0.009479

0.000000 0.280000 0.009479
0.020000 0.280000 0.122424
0.040000 0.280000 0.234265
0.060000 0.280000 0.344935
0.080000 0.280000 0.454368
0.100000 0.280000 0.562506
0.120000 0.280000 0.669288
0.140000 0.280000 0.774662
0.160000 0.280000 0.878572
0.180000 0.280000 0.980965
0.200000 0.280000 1.081790
0.220000 0.280000 1.180990
0.240000 0.280000 1.278511
0.260000 0.280000 1.374292
0.280000 0.280000 1.468270
0.300000 0.280000 1.560374
0.320000 0.280000 1.650530
0.340000 0.280000 1.738653
0.360000 0.280000 1.824650
0.380000 0.280000 1.908417
0.400000 0.280000 1.989833
0.420000 0.280000 2.068767
0.440000 0.280000 2.145062
0.460000 0.280000 2.218543
0.480000 0.280000 2.289005
0.500000 0.280000 2.356210
0.520000 0.280000 2.419880
0.540000 0.280000 2.479690
0.560000 0.280000 2.535256
0.580000 0.280000 2.586126
0.600000 0.280000 2.631763
0.620000 0.280000 2.671530
0.640000 0.280000 2.704669
0.660000 0.280000 2.730275
0.680000 0.280000 2.747271
0.700000 0.280000 2.754367
0.720000 0.280000 2.750020
0.740000 0.280000 2.732386
0.760000 0.280000 2.699255
0.780000 0.280000 2.647980
0.800000 0.280000 2.575393
0.820000 0.280000 2.477699
0.840000 0.280000 2.350356
0.860000 0.280000 2.187930
0.880000 0.280000 1.983922
0.900000 0.280000 1.730568
0.920000 0.280000 1.418599
0.940000 0.280000 1.036959
0.960000 0.280000 0.572478
0.980000 0.280000 0.009479

0.000000 0.260000 0.009479
0.020000 0.260000 0.121782
0.040000 0.260000 0.232885
0.060000 0.260000 0.342720
0.080000 0.260000 0.451223
0.100000 0.260000 0.558335
0.120000 0.260000 0.664001
0.140000 0.260000 0.768170
0.160000 0.260000 0.870792
0.180000 0.260000 0.971818
0.200000 0.260000 1.071199
0.220000 0.260000 1.168885
0.240000 0.260000 1.264823
0.260000 0.260000 1.358958
0.280000 0.260000 1.451227
0.300000 0.260000 1.541564
0.320000 0.260000 1.629896
0.340000 0.260000 1.716142
0.360000 0.260000 1.800211
0.380000 0.260000 1.882001
0.400000 0.260000 1.961397
0.420000 0.260000 2.038268
0.440000 0.260000 2.112465
0.460000 0.260000 2.183817
0.480000 0.260000 2.252127
0.500000 0.260000 2.317165
0.520000 0.260000 2.378664
0.540000 0.260000 2.436312
0.560000 0.260000 2.489740
0.580000 0.260000 2.538514
0.600000 0.260000 2.582120
0.620000 0.260000 2.619945
0.640000 0.260000 2.651263
0.660000 0.260000 2.675205
0.680000 0.260000 2.690734
0.700000 0.260000 2.696610
0.720000 0.260000 2.691346
0.740000 0.260000 2.673161
0.760000 0.260000 2.639918
0.780000 0.260000 2.589054
0.800000 0.260000 2.517493
0.820000 0.260000 2.421545
0.840000 0.260000 2.296784
0.860000 0.260000 2.137902
0.880000 0.260000 1.938540
0.900000 0.260000 1.691083
0.920000 0.260000 1.386424
0.940000 0.260000 1.013678
0.960000 0.260000 0.559857
0.980000 0.260000 0.009479

0.000000 0.240000 0.009479
0.020000 0.240000 0.121024
0.040000 0.240000 0.231255
0.060000 0.240000 0.340106
0.080000 0.240000 0.447513
0.100000 0.240000 0.553421
0.120000 0.240000 0.657780
0.140000 0.240000 0.760543
0.160000 0.240000 0.861666
0.180000 0.240000 0.961106
0.200000 0.240000 1.058819
0.220000 0.240000 1.154759
0.240000 0.240000 1.248879
0.260000 0.240000 1.341124
0.280000 0.240000 1.431439
0.300000 0.240000 1.519758
0.320000 0.240000 1.606012
0.340000 0.240000 1.690121
0.360000 0.240000 1.771998
0.380000 0.240000 1.851543
0.400000 0.240000 1.928646
0.420000 0.240000 2.003179
0.440000 0.240000 2.074998
0.460000 0.240000 2.143939
0.480000 0.240000 2.209812
0.500000 0.240000 2.272398
0.520000 0.240000 2.331441
0.540000 0.240000 2.386642
0.560000 0.240000 2.437651
0.580000 0.240000 2.484054
0.600000 0.240000 2.525360
0.620000 0.240000 2.560987
0.640000 0.240000 2.590243
0.660000 0.240000 2.612299
0.680000 0.240000 2.626166
0.700000 0.240000 2.630657
0.720000 0.240000 2.624350
0.740000 0.240000 2.605536
0.760000 0.240000 2.572162
0.780000 0.240000 2.521760
0.800000 0.240000 2.451362
0.820000 0.240000 2.357397
0.840000 0.240000 2.235572
0.860000 0.240000 2.080727
0.880000 0.240000 1.886663
0.900000 0.240000 1.645938
0.920000 0.240000 1.349629
0.940000 0.240000 0.987050
0.960000 0.240000 0.545421
0.980000 0.240000 0.009479

0.000000 0.220000 0.009479
0.020000 0.220000 0.120132
0.040000 0.220000 0.229340
0.060000 0.220000 0.337035
0.080000 0.220000 0.443160
0.100000 0.220000 0.547664
0.120000 0.220000 0.650503
0.140000 0.220000 0.751637
0.160000 0.220000 0.851030
0.180000 0.220000 0.948646
0.200000 0.220000 1.044447
0.220000 0.220000 1.138393
0.240000 0.220000 1.230441
0.260000 0.220000 1.320542
0.280000 0.220000 1.408642
0.300000 0.220000 1.494679
0.320000 0.220000 1.578587
0.340000 0.220000 1.660287
0.360000 0.220000 1.739696
0.380000 0.220000 1.816717
0.400000 0.220000 1.891242
0.420000 0.220000 1.963148
0.440000 0.220000 2.032298
0.460000 0.220000 2.098533
0.480000 0.220000 2.161671
0.500000 0.220000 2.221505
0.520000 0.220000 2.277791
0.540000 0.220000 2.330246
0.560000 0.220000 2.378539
0.580000 0.220000 2.422279
0.600000 0.220000 2.461002
0.620000 0.220000 2.494159
0.640000 0.220000 2.521094
0.660000 0.220000 2.541027
0.680000 0.220000 2.553019
0.700000 0.220000 2.555945
0.720000 0.220000 2.548455
0.740000 0.220000 2.528923
0.760000 0.220000 2.495390
0.780000 0.220000 2.445497
0.800000 0.220000 2.376397
0.820000 0.220000 2.284658
0.840000 0.220000 2.166141
0.860000 0.220000 2.015853
0.880000 0.220000 1.827781
0.900000 0.220000 1.594680
0.920000 0.220000 1.307842
0.940000 0.220000 0.956803
0.960000 0.220000 0.529021
0.980000 0.220000 0.009479

0.000000 0.200000 0.009479
0.020000 0.200000 0.119086
0.040000 0.200000 0.227095
0.060000 0.200000 0.333441
0.080000 0.200000 0.438070
0.100000 0.200000 0.540942
0.120000 0.200000 0.642022
0.140000 0.200000 0.741279
0.160000 0.200000 0.838687
0.180000 0.200000 0.934219
0.200000 0.200000 1.027844
0.220000 0.200000 1.119529
0.240000 0.200000 1.209236
0.260000 0.200000 1.296921
0.280000 0.200000 1.382531
0.300000 0.200000 1.466010
0.320000 0.200000 1.547290
0.340000 0.200000 1.626298
0.360000 0.200000 1.702950
0.380000 0.200000 1.777153
0.400000 0.200000 1.848803
0.420000 0.200000 1.917781
0.440000 0.200000 1.983955
0.460000 0.200000 2.047173
0.480000 0.200000 2.107265
0.500000 0.200000 2.164031
0.520000 0.200000 2.217244
0.540000 0.200000 2.266637
0.560000 0.200000 2.311901
0.580000 0.200000 2.352668
0.600000 0.200000 2.388506
0.620000 0.200000 2.418901
0.640000 0.200000 2.443241
0.660000 0.200000 2.460793
0.680000 0.200000 2.470678
0.700000 0.200000 2.471842
0.720000 0.200000 2.463013
0.740000 0.200000 2.442658
0.760000 0.200000 2.408926
0.780000 0.200000 2.359580
0.800000 0.200000 2.291912
0.820000 0.200000 2.202649
0.840000 0.200000 2.087826
0.860000 0.200000 1.942646
0.880000 0.200000 1.761305
0.900000 0.200000 1.536788
0.920000 0.200000 1.260629
0.940000 0.200000 0.922620
0.960000 0.200000 0.510483
0.980000 0.200000 0.009479

0.000000 0.180000 0.009479
0.020000 0.180000 0.117862
0.040000 0.180000 0.224467
0.060000 0.180000 0.329237
0.080000 0.180000 0.432127
0.100000 0.180000 0.533108
0.120000 0.180000 0.632157
0.140000 0.180000 0.729260
0.160000 0.180000 0.824402
0.180000 0.180000 0.917565
0.200000 0.180000 1.008730
0.220000 0.180000 1.097869
0.240000 0.180000 1.184949
0.260000 0.180000 1.269929
0.280000 0.180000 1.352761
0.300000 0.180000 1.433389
0.320000 0.180000 1.511748
0.340000 0.180000 1.587765
0.360000 0.180000 1.661359
0.380000 0.180000 1.732438
0.400000 0.180000 1.800901
0.420000 0.180000 1.866635
0.440000 0.180000 1.929512
0.460000 0.180000 1.989389
0.480000 0.180000 2.046104
0.500000 0.180000 2.099471
0.520000 0.180000 2.149277
0.540000 0.180000 2.195274
0.560000 0.180000 2.237175
0.580000 0.180000 2.274641
0.600000 0.180000 2.307271
0.620000 0.180000 2.334593
0.640000 0.180000 2.356039
0.660000 0.180000 2.370933
0.680000 0.180000 2.378460
0.700000 0.180000 2.377643
0.720000 0.180000 2.367299
0.740000 0.180000 2.345999
0.760000 0.180000 2.312012
0.780000 0.180000 2.263240
0.800000 0.180000 2.197134
0.820000 0.180000 2.110599
0.840000 0.180000 1.999872
0.860000 0.180000 1.860378
0.880000 0.180000 1.686557
0.900000 0.180000 1.471657
0.920000 0.180000 1.207487
0.940000 0.180000 0.884130
0.960000 0.180000 0.489605
0.980000 0.180000 0.009479

0.000000 0.160000 0.009479
0.020000 0.160000 0.116427
0.040000 0.160000 0.221392
0.060000 0.160000 0.324321
0.080000 0.160000 0.425188
0.100000 0.160000 0.523979
0.120000 0.160000 0.620693
0.140000 0.160000 0.715331
0.160000 0.160000 0.807896
0.180000 0.160000 0.898381
0.200000 0.160000 0.986778
0.220000 0.160000 1.073065
0.240000 0.160000 1.157214
0.260000 0.160000 1.239188
0.280000 0.160000 1.318938
0.300000 0.160000 1.396411
0.320000 0.160000 1.471541
0.340000 0.160000 1.544256
0.360000 0.160000 1.614476
0.380000 0.160000 1.682111
0.400000 0.160000 1.747062
0.420000 0.160000 1.809221
0.440000 0.160000 1.868464
0.460000 0.160000 1.924658
0.480000 0.160000 1.977649
0.500000 0.160000 2.027266
0.520000 0.160000 2.073311
0.540000 0.160000 2.115557
0.560000 0.160000 2.153742
0.580000 0.160000 2.187556
0.600000 0.160000 2.216635
0.620000 0.160000 2.240547
0.640000 0.160000 2.258779
0.660000 0.160000 2.270712
0.680000 0.160000 2.275606
0.700000 0.160000 2.272565
0.720000 0.160000 2.260506
0.740000 0.160000 2.238117
0.760000 0.160000 2.203800
0.780000 0.160000 2.155614
0.800000 0.160000 2.091188
0.820000 0.160000 2.007633
0.840000 0.160000 1.901414
0.860000 0.160000 1.768215
0.880000 0.160000 1.602755
0.900000 0.160000 1.398583
0.920000 0.160000 1.147827
0.940000 0.160000 0.840898
0.960000 0.160000 0.466148
0.980000 0.160000 0.009479

0.000000 0.140000 0.009479
0.020000 0.140000 0.114746
0.040000 0.140000 0.217787
0.060000 0.140000 0.318566
0.080000 0.140000 0.417076
0.100000 0.140000 0.513334
0.120000 0.140000 0.607364
0.140000 0.140000 0.699191
0.160000 0.140000 0.788836
0.180000 0.140000 0.876309
0.200000 0.140000 0.961608
0.220000 0.140000 1.044720
0.240000 0.140000 1.125619
0.260000 0.140000 1.204268
0.280000 0.140000 1.280621
0.300000 0.140000 1.354621
0.320000 0.140000 1.426202
0.340000 0.140000 1.495291
0.360000 0.140000 1.561808
0.380000 0.140000 1.625665
0.400000 0.140000 1.686763
0.420000 0.140000 1.744998
0.440000 0.140000 1.800253
0.460000 0.140000 1.852403
0.480000 0.140000 1.901305
0.500000 0.140000 1.946800
0.520000 0.140000 1.988710
0.540000 0.140000 2.026829
0.560000 0.140000 2.060920
0.580000 0.140000 2.090707
0.600000 0.140000 2.115864
0.620000 0.140000 2.136007
0.640000 0.140000 2.150676
0.660000 0.140000 2.159320
0.680000 0.140000 2.161276
0.700000 0.140000 2.155742
0.720000 0.140000 2.141742
0.740000 0.140000 2.118092
0.760000 0.140000 2.083346
0.780000 0.140000 2.035735
0.800000 0.140000 1.973094
0.820000 0.140000 1.892762
0.840000 0.140000 1.791471
0.860000 0.140000 1.665198
0.880000 0.140000 1.508990
0.900000 0.140000 1.316745
0.920000 0.140000 1.080957
0.940000 0.140000 0.792411
0.960000 0.140000 0.439829
0.980000 0.140000 0.009480

0.000000 0.120000 0.009480
0.020000 0.120000 0.112773
0.040000 0.120000 0.213554
0.060000 0.120000 0.311810
0.080000 0.120000 0.407572
0.100000 0.120000 0.500897
0.120000 0.120000 0.591846
0.140000 0.120000 0.680476
0.160000 0.120000 0.766828
0.180000 0.120000 0.850927
0.200000 0.120000 0.932780
0.220000 0.120000 1.012377
0.240000 0.120000 1.089693
0.260000 0.120000 1.164689
0.280000 0.120000 1.237316
0.300000 0.120000 1.307514
0.320000 0.120000 1.375214
0.340000 0.120000 1.440341
0.360000 0.120000 1.502813
0.380000 0.120000 1.562540
0.400000 0.120000 1.619428
0.420000 0.120000 1.673375
0.440000 0.120000 1.724271
0.460000 0.120000 1.771996
0.480000 0.120000 1.816421
0.500000 0.120000 1.857401
0.520000 0.120000 1.894778
0.540000 0.120000 1.928368
0.560000 0.120000 1.957963
0.580000 0.120000 1.983321
0.600000 0.120000 2.004160
0.620000 0.120000 2.020143
0.640000 0.120000 2.030873
0.660000 0.120000 2.035868
0.680000 0.120000 2.034552
0.700000 0.120000 2.026221
0.720000 0.120000 2.010021
0.740000 0.120000 1.984908
0.760000 0.120000 1.949601
0.780000 0.120000 1.902527
0.800000 0.120000 1.841748
0.820000 0.120000 1.764867
0.840000 0.120000 1.668919
0.860000 0.120000 1.550223
0.880000 0.120000 1.404206
0.900000 0.120000 1.225175
0.920000 0.120000 1.006053
0.940000 0.120000 0.738053
0.960000 0.120000 0.410311
0.980000 0.120000 0.009485

0.000000 0.100000 0.009485
0.020000 0.100000 0.110457
0.040000 0.100000 0.208570
0.060000 0.100000 0.303852
0.080000 0.100000 0.396397
0.100000 0.100000 0.486323
0.120000 0.100000 0.573741
0.140000 0.100000 0.658746
0.160000 0.100000 0.741401
0.180000 0.100000 0.821744
0.200000 0.100000 0.899786
0.220000 0.100000 0.975516
0.240000 0.100000 1.048906
0.260000 0.100000 1.119911
0.280000 0.100000 1.188476
0.300000 0.100000 1.254533
0.320000 0.100000 1.318009
0.340000 0.100000 1.378825
0.360000 0.100000 1.436895
0.380000 0.100000 1.492130
0.400000 0.100000 1.544434
0.420000 0.100000 1.593709
0.440000 0.100000 1.639851
0.460000 0.100000 1.682749
0.480000 0.100000 1.722287
0.500000 0.100000 1.758335
0.520000 0.100000 1.790754
0.540000 0.100000 1.819386
0.560000 0.100000 1.844054
0.580000 0.100000 1.864553
0.600000 0.100000 1.880645
0.620000 0.100000 1.892049
0.640000 0.100000 1.898429
0.660000 0.100000 1.899382
0.680000 0.100000 1.894423
0.700000 0.100000 1.882958
0.720000 0.100000 1.864261
0.740000 0.100000 1.837443
0.760000 0.100000 1.801405
0.780000 0.100000 1.754791
0.800000 0.100000 1.695917
0.820000 0.100000 1.622685
0.840000 0.100000 1.532479
0.860000 0.100000 1.422014
0.880000 0.100000 1.287164
0.900000 0.100000 1.122723
0.920000 0.100000 0.922123
0.940000 0.100000 0.677077
0.960000 0.100000 0.377184
0.980000 0.100000 0.009501

0.000000 0.080000 0.009504
0.020000 0.080000 0.107749
0.040000 0.080000 0.202689
0.060000 0.080000 0.294435
0.080000 0.080000 0.383192
0.100000 0.080000 0.469171
0.120000 0.080000 0.552552
0.140000 0.080000 0.633466
0.160000 0.080000 0.711997
0.180000 0.080000 0.788187
0.200000 0.080000 0.862045
0.220000 0.080000 0.933552
0.240000 0.080000 1.002669
0.260000 0.080000 1.069340
0.280000 0.080000 1.133498
0.300000 0.080000 1.195069
0.320000 0.080000 1.253970
0.340000 0.080000 1.310114
0.360000 0.080000 1.363412
0.380000 0.080000 1.413772
0.400000 0.080000 1.461099
0.420000 0.080000 1.505299
0.440000 0.080000 1.546272
0.460000 0.080000 1.583919
0.480000 0.080000 1.618133
0.500000 0.080000 1.648804
0.520000 0.080000 1.675812
0.540000 0.080000 1.699029
0.560000 0.080000 1.718308
0.580000 0.080000 1.733484
0.600000 0.080000 1.744368
0.620000 0.080000 1.750736
0.640000 0.080000 1.752320
0.660000 0.080000 1.748801
0.680000 0.080000 1.739790
0.700000 0.080000 1.724810
0.720000 0.080000 1.703277
0.740000 0.080000 1.674466
0.760000 0.080000 1.637479
0.780000 0.080000 1.591199
0.800000 0.080000 1.534223
0.820000 0.080000 1.464794
0.840000 0.080000 1.380688
0.860000 0.080000 1.279089
0.880000 0.080000 1.156398
0.900000 0.080000 1.007999
0.920000 0.080000 0.827944
0.940000 0.080000 0.608553
0.960000 0.080000 0.339944
0.980000 0.080000 0.009559

0.000000 0.060000 0.009581
0.020000 0.060000 0.104626
0.040000 0.060000 0.195733
0.060000 0.060000 0.283215
0.080000 0.060000 0.367479
0.100000 0.060000 0.448874
0.120000 0.060000 0.527656
0.140000 0.060000 0.603986
0.160000 0.060000 0.677955
0.180000 0.060000 0.749595
0.200000 0.060000 0.818899
0.220000 0.060000 0.885828
0.240000 0.060000 0.950327
0.260000 0.060000 1.012321
0.280000 0.060000 1.071729
0.300000 0.060000 1.128461
0.320000 0.060000 1.182425
0.340000 0.060000 1.233525
0.360000 0.060000 1.281666
0.380000 0.060000 1.326754
0.400000 0.060000 1.368693
0.420000 0.060000 1.407391
0.440000 0.060000 1.442756
0.460000 0.060000 1.474698
0.480000 0.060000 1.503124
0.500000 0.060000 1.527943
0.520000 0.060000 1.549057
0.540000 0.060000 1.566367
0.560000 0.060000 1.579760
0.580000 0.060000 1.589116
0.600000 0.060000 1.594294
0.620000 0.060000 1.595131
0.640000 0.060000 1.591434
0.660000 0.060000 1.582970
0.680000 0.060000 1.569454
0.700000 0.060000 1.550534
0.720000 0.060000 1.525774
0.740000 0.060000 1.494631
0.760000 0.060000 1.456421
0.780000 0.060000 1.410285
0.800000 0.060000 1.355135
0.820000 0.060000 1.289590
0.840000 0.060000 1.211879
0.860000 0.060000 1.119725
0.880000 0.060000 1.010162
0.900000 0.060000 0.879302
0.920000 0.060000 0.721979
0.940000 0.060000 0.531286
0.960000 0.060000 0.297963
0.980000 0.060000 0.009766

0.000000 0.040000 0.009900
0.020000 0.040000 0.101169
0.040000 0.040000 0.187483
0.060000 0.040000 0.269703
0.080000 0.040000 0.348596
0.100000 0.040000 0.424682
0.120000 0.040000 0.498271
0.140000 0.040000 0.569524
0.160000 0.040000 0.638505
0.180000 0.040000 0.705213
0.200000 0.040000 0.769609
0.220000 0.040000 0.831622
0.240000 0.040000 0.891168
0.260000 0.040000 0.948148
0.280000 0.040000 1.002461
0.300000 0.040000 1.053999
0.320000 0.040000 1.102657
0.340000 0.040000 1.148328
0.360000 0.040000 1.190912
0.380000 0.040000 1.230309
0.400000 0.040000 1.266425
0.420000 0.040000 1.299170
0.440000 0.040000 1.328461
0.460000 0.040000 1.354216
0.480000 0.040000 1.376359
0.500000 0.040000 1.394817
0.520000 0.040000 1.409519
0.540000 0.040000 1.420394
0.560000 0.040000 1.427369
0.580000 0.040000 1.430366
0.600000 0.040000 1.429300
0.620000 0.040000 1.424072
0.640000 0.040000 1.414565
0.660000 0.040000 1.400638
0.680000 0.040000 1.382116
0.700000 0.040000 1.358779
0.720000 0.040000 1.330348
0.740000 0.040000 1.296471
0.760000 0.040000 1.256695
0.780000 0.040000 1.210439
0.800000 0.040000 1.156957
0.820000 0.040000 1.095282
0.840000 0.040000 1.024153
0.860000 0.040000 0.941915
0.880000 0.040000 0.846362
0.900000 0.040000 0.734506
0.920000 0.040000 0.602219
0.940000 0.040000 0.443658
0.960000 0.040000 0.250413
0.980000 0.040000 0.010448

0.000000 0.020000 0.011262
0.020000 0.020000 0.097738
0.040000 0.020000 0.177597
0.060000 0.020000 0.253127
0.080000 0.020000 0.325590
0.100000 0.020000 0.395599
0.120000 0.020000 0.463421
0.140000 0.020000 0.529145
0.160000 0.020000 0.592758
0.180000 0.020000 0.654198
0.200000 0.020000 0.713366
0.220000 0.020000 0.770150
0.240000 0.020000 0.824425
0.260000 0.020000 0.876065
0.280000 0.020000 0.924940
0.300000 0.020000 0.970926
0.320000 0.020000 1.013899
0.340000 0.020000 1.053744
0.360000 0.020000 1.090351
0.380000 0.020000 1.123618
0.400000 0.020000 1.153451
0.420000 0.020000 1.179765
0.440000 0.020000 1.202482
0.460000 0.020000 1.221535
0.480000 0.020000 1.236864
0.500000 0.020000 1.248417
0.520000 0.020000 1.256150
0.540000 0.020000 1.260023
0.560000 0.020000 1.260005
0.580000 0.020000 1.256064
0.600000 0.020000 1.248172
0.620000 0.020000 1.236298
0.640000 0.020000 1.220406
0.660000 0.020000 1.200450
0.680000 0.020000 1.176370
0.700000 0.020000 1.148083
0.720000 0.020000 1.115477
0.740000 0.020000 1.078397
0.760000 0.020000 1.036635
0.780000 0.020000 0.989906
0.800000 0.020000 0.937827
0.820000 0.020000 0.879880
0.840000 0.020000 0.815367
0.860000 0.020000 0.743338
0.880000 0.020000 0.662476
0.900000 0.020000 0.570921
0.920000 0.020000 0.465941
0.940000 0.020000 0.343305
0.960000 0.020000 0.196051
0.980000 0.020000 0.012383

0.000000 0.000000 0.017313
0.020000 0.000000 0.095149
0.040000 0.000000 0.165229
0.060000 0.000000 0.232119
0.080000 0.000000 0.297045
0.100000 0.000000 0.360308
0.120000 0.000000 0.421915
0.140000 0.000000 0.481769
0.160000 0.000000 0.539727
0.180000 0.000000 0.595628
0.200000 0.000000 0.649302
0.220000 0.000000 0.700578
0.240000 0.000000 0.749290
0.260000 0.000000 0.795274
0.280000 0.000000 0.838374
0.300000 0.000000 0.878443
0.320000 0.000000 0.915343
0.340000 0.000000 0.948947
0.360000 0.000000 0.979137
0.380000 0.000000 1.005809
0.400000 0.000000 1.028870
0.420000 0.000000 1.048239
0.440000 0.000000 1.063851
0.460000 0.000000 1.075649
0.480000 0.000000 1.083594
0.500000 0.000000 1.087655
0.520000 0.000000 1.087818
0.540000 0.000000 1.084080
0.560000 0.000000 1.076449
0.580000 0.000000 1.064945
0.600000 0.000000 1.049599
0.620000 0.000000 1.030450
0.640000 0.000000 1.007547
0.660000 0.000000 0.980943
0.680000 0.000000 0.950697
0.700000 0.000000 0.916869
0.720000 0.000000 0.879517
0.740000 0.000000 0.838694
0.760000 0.000000 0.794442
0.780000 0.000000 0.746784
0.800000 0.000000 0.695717
0.820000 0.000000 0.641200
0.840000 0.000000 0.583134
0.860000 0.000000 0.521337
0.880000 0.000000 0.455502
0.900000 0.000000 0.385123
0.920000 0.000000 0.309323
0.940000 0.000000 0.226431
0.960000 0.000000 0.132531
0.980000 0.000000 0.015654

