0.000000 0.980000 0.004675
0.020000 0.980000 0.028628
0.040000 0.980000 0.046853
0.060000 0.980000 0.061944
0.080000 0.980000 0.074939
0.100000 0.980000 0.086360
0.120000 0.980000 0.096517
0.140000 0.980000 0.105617
0.160000 0.980000 0.113806
0.180000 0.980000 0.121195
0.200000 0.980000 0.127868
0.220000 0.980000 0.133893
0.240000 0.980000 0.139325
0.260000 0.980000 0.144209
0.280000 0.980000 0.148583
0.300000 0.980000 0.152477
0.320000 0.980000 0.155917
0.340000 0.980000 0.158926
0.360000 0.980000 0.161523
0.380000 0.980000 0.163722
0.400000 0.980000 0.165537
0.420000 0.980000 0.166976
0.440000 0.980000 0.168050
0.460000 0.980000 0.168762
0.480000 0.980000 0.169117
0.500000 0.980000 0.169117
0.520000 0.980000 0.168762
0.540000 0.980000 0.168050
0.560000 0.980000 0.166977
0.580000 0.980000 0.165537
0.600000 0.980000 0.163722
0.620000 0.980000 0.161523
0.640000 0.980000 0.158927
0.660000 0.980000 0.155918
0.680000 0.980000 0.152477
0.700000 0.980000 0.148584
0.720000 0.980000 0.144210
0.740000 0.980000 0.139327
0.760000 0.980000 0.133895
0.780000 0.980000 0.127870
0.800000 0.980000 0.121198
0.820000 0.980000 0.113811
0.840000 0.980000 0.105623
0.860000 0.980000 0.096527
0.880000 0.980000 0.086376
0.900000 0.980000 0.074969
0.920000 0.980000 0.062005
0.940000 0.980000 0.047001
0.960000 0.980000 0.029061
0.980000 0.980000 0.006186

0.000000 0.960000 0.008050
0.020000 0.960000 0.071614
0.040000 0.960000 0.123693
0.060000 0.960000 0.167928
0.080000 0.960000 0.206391
0.100000 0.960000 0.240343
0.120000 0.960000 0.270609
0.140000 0.960000 0.297761
0.160000 0.960000 0.322219
0.180000 0.960000 0.344300
0.200000 0.960000 0.364251
0.220000 0.960000 0.382272
0.240000 0.960000 0.398524
0.260000 0.960000 0.413139
0.280000 0.960000 0.426228
0.300000 0.960000 0.437883
0.320000 0.960000 0.448183
0.340000 0.960000 0.457192
0.360000 0.960000 0.464966
0.380000 0.960000 0.471551
0.400000 0.960000 0.476984
0.420000 0.960000 0.481296
0.440000 0.960000 0.484510
0.460000 0.960000 0.486642
0.480000 0.960000 0.487706
0.500000 0.960000 0.487706
0.520000 0.960000 0.486643
0.540000 0.960000 0.484510
0.560000 0.960000 0.481296
0.580000 0.960000 0.476985
0.600000 0.960000 0.471552
0.620000 0.960000 0.464967
0.640000 0.960000 0.457193
0.660000 0.960000 0.448184
0.680000 0.960000 0.437885
0.700000 0.960000 0.426230
0.720000 0.960000 0.413142
0.740000 0.960000 0.398528
0.760000 0.960000 0.382277
0.780000 0.960000 0.364258
0.800000 0.960000 0.344309
0.820000 0.960000 0.322232
0.840000 0.960000 0.297779
0.860000 0.960000 0.270636
0.880000 0.960000 0.240386
0.900000 0.960000 0.206462
0.920000 0.960000 0.168056
0.940000 0.960000 0.123940
0.960000 0.960000 0.072117
0.980000 0.960000 0.009068

0.000000 0.940000 0.009388
0.020000 0.940000 0.106084
0.040000 0.940000 0.188378
0.060000 0.940000 0.259684
0.080000 0.940000 0.322354
0.100000 0.940000 0.378013
0.120000 0.940000 0.427814
0.140000 0.940000 0.472601
0.160000 0.940000 0.513009
0.180000 0.940000 0.549534
0.200000 0.940000 0.582566
0.220000 0.940000 0.612421
0.240000 0.940000 0.639359
0.260000 0.940000 0.663594
0.280000 0.940000 0.685306
0.300000 0.940000 0.704645
0.320000 0.940000 0.721738
0.340000 0.940000 0.736693
0.360000 0.940000 0.749599
0.380000 0.940000 0.760532
0.400000 0.940000 0.769554
0.420000 0.940000 0.776713
0.440000 0.940000 0.782050
0.460000 0.940000 0.785592
0.480000 0.940000 0.787359
0.500000 0.940000 0.787359
0.520000 0.940000 0.785593
0.540000 0.940000 0.782051
0.560000 0.940000 0.776714
0.580000 0.940000 0.769555
0.600000 0.940000 0.760534
0.620000 0.940000 0.749601
0.640000 0.940000 0.736695
0.660000 0.940000 0.721741
0.680000 0.940000 0.704648
0.700000 0.940000 0.685310
0.720000 0.940000 0.663599
0.740000 0.940000 0.639365
0.760000 0.940000 0.612429
0.780000 0.940000 0.582576
0.800000 0.940000 0.549547
0.820000 0.940000 0.513028
0.840000 0.940000 0.472627
0.860000 0.940000 0.427852
0.880000 0.940000 0.378069
0.900000 0.940000 0.322439
0.920000 0.940000 0.259817
0.940000 0.940000 0.188587
0.960000 0.940000 0.106398
0.980000 0.940000 0.009766

0.000000 0.920000 0.009821
0.020000 0.920000 0.134956
0.040000 0.920000 0.244049
0.060000 0.920000 0.340076
0.080000 0.920000 0.425328
0.100000 0.920000 0.501542
0.120000 0.920000 0.570034
0.140000 0.920000 0.631817
0.160000 0.920000 0.687683
0.180000 0.920000 0.738260
0.200000 0.920000 0.784056
0.220000 0.920000 0.825487
0.240000 0.920000 0.862897
0.260000 0.920000 0.896573
0.280000 0.920000 0.926757
0.300000 0.920000 0.953652
0.320000 0.920000 0.977432
0.340000 0.920000 0.998242
0.360000 0.920000 1.016206
0.380000 0.920000 1.031425
0.400000 0.920000 1.043985
0.420000 0.920000 1.053954
0.440000 0.920000 1.061385
0.460000 0.920000 1.066318
0.480000 0.920000 1.068778
0.500000 0.920000 1.068778
0.520000 0.920000 1.066319
0.540000 0.920000 1.061386
0.560000 0.920000 1.053955
0.580000 0.920000 1.043986
0.600000 0.920000 1.031427
0.620000 0.920000 1.016208
0.640000 0.920000 0.998245
0.660000 0.920000 0.977436
0.680000 0.920000 0.953657
0.700000 0.920000 0.926762
0.720000 0.920000 0.896580
0.740000 0.920000 0.862905
0.760000 0.920000 0.825498
0.780000 0.920000 0.784069
0.800000 0.920000 0.738277
0.820000 0.920000 0.687705
0.840000 0.920000 0.631847
0.860000 0.920000 0.570075
0.880000 0.920000 0.501599
0.900000 0.920000 0.425407
0.920000 0.920000 0.340185
0.940000 0.920000 0.244193
0.960000 0.920000 0.135121
0.980000 0.920000 0.009940

0.000000 0.900000 0.009949
0.020000 0.900000 0.159871
0.040000 0.900000 0.292788
0.060000 0.900000 0.411242
0.080000 0.900000 0.517341
0.100000 0.900000 0.612792
0.120000 0.900000 0.698963
0.140000 0.900000 0.776952
0.160000 0.900000 0.847646
0.180000 0.900000 0.911767
0.200000 0.900000 0.969912
0.220000 0.900000 1.022575
0.240000 0.900000 1.070169
0.260000 0.900000 1.113045
0.280000 0.900000 1.151496
0.300000 0.900000 1.185776
0.320000 0.900000 1.216096
0.340000 0.900000 1.242638
0.360000 0.900000 1.265556
0.380000 0.900000 1.284977
0.400000 0.900000 1.301007
0.420000 0.900000 1.313732
0.440000 0.900000 1.323219
0.460000 0.900000 1.329517
0.480000 0.900000 1.332657
0.500000 0.900000 1.332658
0.520000 0.900000 1.329517
0.540000 0.900000 1.323220
0.560000 0.900000 1.313733
0.580000 0.900000 1.301009
0.600000 0.900000 1.284979
0.620000 0.900000 1.265558
0.640000 0.900000 1.242642
0.660000 0.900000 1.216100
0.680000 0.900000 1.185781
0.700000 0.900000 1.151503
0.720000 0.900000 1.113052
0.740000 0.900000 1.070179
0.760000 0.900000 1.022587
0.780000 0.900000 0.969927
0.800000 0.900000 0.911786
0.820000 0.900000 0.847669
0.840000 0.900000 0.776982
0.860000 0.900000 0.699003
0.880000 0.900000 0.612843
0.900000 0.900000 0.517407
0.920000 0.900000 0.411323
0.940000 0.900000 0.292880
0.960000 0.900000 0.159955
0.980000 0.900000 0.009984

0.000000 0.880000 0.009986
0.020000 0.880000 0.181789
0.040000 0.880000 0.335991
0.060000 0.880000 0.474762
0.080000 0.880000 0.600002
0.100000 0.880000 0.713322
0.120000 0.880000 0.816074
0.140000 0.880000 0.909382
0.160000 0.880000 0.994180
0.180000 0.880000 1.071251
0.200000 0.880000 1.141250
0.220000 0.880000 1.204731
0.240000 0.880000 1.262161
0.260000 0.880000 1.313940
0.280000 0.880000 1.360408
0.300000 0.880000 1.401858
0.320000 0.880000 1.438537
0.340000 0.880000 1.470659
0.360000 0.880000 1.498403
0.380000 0.880000 1.521919
0.400000 0.880000 1.541334
0.420000 0.880000 1.556748
0.440000 0.880000 1.568242
0.460000 0.880000 1.575872
0.480000 0.880000 1.579677
0.500000 0.880000 1.579678
0.520000 0.880000 1.575872
0.540000 0.880000 1.568243
0.560000 0.880000 1.556750
0.580000 0.880000 1.541336
0.600000 0.880000 1.521922
0.620000 0.880000 1.498406
0.640000 0.880000 1.470663
0.660000 0.880000 1.438542
0.680000 0.880000 1.401864
0.700000 0.880000 1.360415
0.720000 0.880000 1.313948
0.740000 0.880000 1.262171
0.760000 0.880000 1.204743
0.780000 0.880000 1.141266
0.800000 0.880000 1.071270
0.820000 0.880000 0.994204
0.840000 0.880000 0.909411
0.860000 0.880000 0.816110
0.880000 0.880000 0.713366
0.900000 0.880000 0.600053
0.920000 0.880000 0.474820
0.940000 0.880000 0.336049
0.960000 0.880000 0.181833
0.980000 0.880000 0.009996

0.000000 0.860000 0.009996
0.020000 0.860000 0.201310
0.040000 0.860000 0.374624
0.060000 0.860000 0.531815
0.080000 0.860000 0.674581
0.100000 0.860000 0.804421
0.120000 0.860000 0.922629
0.140000 0.860000 1.030320
0.160000 0.860000 1.128442
0.180000 0.860000 1.217807
0.200000 0.860000 1.299108
0.220000 0.860000 1.372936
0.240000 0.860000 1.439803
0.260000 0.860000 1.500145
0.280000 0.860000 1.554339
0.300000 0.860000 1.602710
0.320000 0.860000 1.645537
0.340000 0.860000 1.683058
0.360000 0.860000 1.715476
0.380000 0.860000 1.742963
0.400000 0.860000 1.765662
0.420000 0.860000 1.783686
0.440000 0.860000 1.797127
0.460000 0.860000 1.806051
0.480000 0.860000 1.810503
0.500000 0.860000 1.810503
0.520000 0.860000 1.806052
0.540000 0.860000 1.797128
0.560000 0.860000 1.783688
0.580000 0.860000 1.765664
0.600000 0.860000 1.742966
0.620000 0.860000 1.715480
0.640000 0.860000 1.683062
0.660000 0.860000 1.645542
0.680000 0.860000 1.602716
0.700000 0.860000 1.554347
0.720000 0.860000 1.500154
0.740000 0.860000 1.439814
0.760000 0.860000 1.372949
0.780000 0.860000 1.299123
0.800000 0.860000 1.217826
0.820000 0.860000 1.128464
0.840000 0.860000 1.030346
0.860000 0.860000 0.922660
0.880000 0.860000 0.804456
0.900000 0.860000 0.674621
0.920000 0.860000 0.531855
0.940000 0.860000 0.374661
0.960000 0.860000 0.201335
0.980000 0.860000 0.009999

0.000000 0.840000 0.009999
0.020000 0.840000 0.218831
0.040000 0.840000 0.409380
0.060000 0.840000 0.583291
0.080000 0.840000 0.742088
0.100000 0.840000 0.887150
0.120000 0.840000 1.019703
0.140000 0.840000 1.140827
0.160000 0.840000 1.251462
0.180000 0.840000 1.352428
0.200000 0.840000 1.444436
0.220000 0.840000 1.528105
0.240000 0.840000 1.603970
0.260000 0.840000 1.672498
0.280000 0.840000 1.734094
0.300000 0.840000 1.789107
0.320000 0.840000 1.837842
0.340000 0.840000 1.880559
0.360000 0.840000 1.917481
0.380000 0.840000 1.948797
0.400000 0.840000 1.974663
0.420000 0.840000 1.995207
0.440000 0.840000 2.010530
0.460000 0.840000 2.020704
0.480000 0.840000 2.025779
0.500000 0.840000 2.025780
0.520000 0.840000 2.020705
0.540000 0.840000 2.010531
0.560000 0.840000 1.995209
0.580000 0.840000 1.974665
0.600000 0.840000 1.948800
0.620000 0.840000 1.917485
0.640000 0.840000 1.880563
0.660000 0.840000 1.837847
0.680000 0.840000 1.789114
0.700000 0.840000 1.734101
0.720000 0.840000 1.672507
0.740000 0.840000 1.603980
0.760000 0.840000 1.528117
0.780000 0.840000 1.444451
0.800000 0.840000 1.352445
0.820000 0.840000 1.251482
0.840000 0.840000 1.140850
0.860000 0.840000 1.019729
0.880000 0.840000 0.887178
0.900000 0.840000 0.742118
0.920000 0.840000 0.583320
0.940000 0.840000 0.409405
0.960000 0.840000 0.218846
0.980000 0.840000 0.010000

0.000000 0.820000 0.010000
0.020000 0.820000 0.234634
0.040000 0.820000 0.440775
0.060000 0.820000 0.629881
0.080000 0.820000 0.803329
0.100000 0.820000 0.962387
0.120000 0.820000 1.108207
0.140000 0.820000 1.241822
0.160000 0.820000 1.364151
0.180000 0.820000 1.476006
0.200000 0.820000 1.578104
0.220000 0.820000 1.671076
0.240000 0.820000 1.755474
0.260000 0.820000 1.831784
0.280000 0.820000 1.900430
0.300000 0.820000 1.961783
0.320000 0.820000 2.016165
0.340000 0.820000 2.063855
0.360000 0.820000 2.105092
0.380000 0.820000 2.140080
0.400000 0.820000 2.168986
0.420000 0.820000 2.191950
0.440000 0.820000 2.209080
0.460000 0.820000 2.220456
0.480000 0.820000 2.226131
0.500000 0.820000 2.226131
0.520000 0.820000 2.220457
0.540000 0.820000 2.209081
0.560000 0.820000 2.191952
0.580000 0.820000 2.168989
0.600000 0.820000 2.140083
0.620000 0.820000 2.105096
0.640000 0.820000 2.063860
0.660000 0.820000 2.016170
0.680000 0.820000 1.961789
0.700000 0.820000 1.900437
0.720000 0.820000 1.831793
0.740000 0.820000 1.755484
0.760000 0.820000 1.671088
0.780000 0.820000 1.578118
0.800000 0.820000 1.476022
0.820000 0.820000 1.364168
0.840000 0.820000 1.241842
0.860000 0.820000 1.108229
0.880000 0.820000 0.962410
0.900000 0.820000 0.803352
0.920000 0.820000 0.629903
0.940000 0.820000 0.440792
0.960000 0.820000 0.234644
0.980000 0.820000 0.010000

0.000000 0.800000 0.010000
0.020000 0.800000 0.248930
0.040000 0.800000 0.469204
0.060000 0.800000 0.672131
0.080000 0.800000 0.858960
0.100000 0.800000 1.030862
0.120000 0.800000 1.188916
0.140000 0.800000 1.334103
0.160000 0.800000 1.467313
0.180000 0.800000 1.589341
0.200000 0.800000 1.700899
0.220000 0.800000 1.802621
0.240000 0.800000 1.895066
0.260000 0.800000 1.978733
0.280000 0.800000 2.054059
0.300000 0.800000 2.121429
0.320000 0.800000 2.181180
0.340000 0.800000 2.233604
0.360000 0.800000 2.278954
0.380000 0.800000 2.317443
0.400000 0.800000 2.349252
0.420000 0.800000 2.374527
0.440000 0.800000 2.393384
0.460000 0.800000 2.405909
0.480000 0.800000 2.412157
0.500000 0.800000 2.412157
0.520000 0.800000 2.405910
0.540000 0.800000 2.393386
0.560000 0.800000 2.374529
0.580000 0.800000 2.349255
0.600000 0.800000 2.317446
0.620000 0.800000 2.278958
0.640000 0.800000 2.233609
0.660000 0.800000 2.181185
0.680000 0.800000 2.121436
0.700000 0.800000 2.054066
0.720000 0.800000 1.978742
0.740000 0.800000 1.895076
0.760000 0.800000 1.802632
0.780000 0.800000 1.700912
0.800000 0.800000 1.589355
0.820000 0.800000 1.467328
0.840000 0.800000 1.334120
0.860000 0.800000 1.188934
0.880000 0.800000 1.030881
0.900000 0.800000 0.858978
0.920000 0.800000 0.672146
0.940000 0.800000 0.469216
0.960000 0.800000 0.248937
0.980000 0.800000 0.010000

0.000000 0.780000 0.010000
0.020000 0.780000 0.261884
0.040000 0.780000 0.494980
0.060000 0.780000 0.710477
0.080000 0.780000 0.909519
0.100000 0.780000 1.093186
0.120000 0.780000 1.262490
0.140000 0.780000 1.418363
0.160000 0.780000 1.561657
0.180000 0.780000 1.693146
0.200000 0.780000 1.813532
0.220000 0.780000 1.923441
0.240000 0.780000 2.023438
0.260000 0.780000 2.114023
0.280000 0.780000 2.195644
0.300000 0.780000 2.268695
0.320000 0.780000 2.333522
0.340000 0.780000 2.390428
0.360000 0.780000 2.439675
0.380000 0.780000 2.481487
0.400000 0.780000 2.516052
0.420000 0.780000 2.543523
0.440000 0.780000 2.564021
0.460000 0.780000 2.577638
0.480000 0.780000 2.584431
0.500000 0.780000 2.584432
0.520000 0.780000 2.577639
0.540000 0.780000 2.564023
0.560000 0.780000 2.543525
0.580000 0.780000 2.516054
0.600000 0.780000 2.481490
0.620000 0.780000 2.439679
0.640000 0.780000 2.390432
0.660000 0.780000 2.333527
0.680000 0.780000 2.268701
0.700000 0.780000 2.195651
0.720000 0.780000 2.114031
0.740000 0.780000 2.023447
0.760000 0.780000 1.923451
0.780000 0.780000 1.813543
0.800000 0.780000 1.693159
0.820000 0.780000 1.561670
0.840000 0.780000 1.418377
0.860000 0.780000 1.262505
0.880000 0.780000 1.093201
0.900000 0.780000 0.909532
0.920000 0.780000 0.710489
0.940000 0.780000 0.494989
0.960000 0.780000 0.261889
0.980000 0.780000 0.010000

0.000000 0.760000 0.010000
0.020000 0.760000 0.273625
0.040000 0.760000 0.518355
0.060000 0.760000 0.745280
0.080000 0.760000 0.955451
0.100000 0.760000 1.149874
0.120000 0.760000 1.329496
0.140000 0.760000 1.495201
0.160000 0.760000 1.647804
0.180000 0.760000 1.788056
0.200000 0.760000 1.916639
0.220000 0.760000 2.034174
0.240000 0.760000 2.141220
0.260000 0.760000 2.238278
0.280000 0.760000 2.325800
0.300000 0.760000 2.404184
0.320000 0.760000 2.473785
0.340000 0.760000 2.534911
0.360000 0.760000 2.587832
0.380000 0.760000 2.632778
0.400000 0.760000 2.669945
0.420000 0.760000 2.699490
0.440000 0.760000 2.721541
0.460000 0.760000 2.736190
0.480000 0.760000 2.743499
0.500000 0.760000 2.743499
0.520000 0.760000 2.736190
0.540000 0.760000 2.721542
0.560000 0.760000 2.699492
0.580000 0.760000 2.669947
0.600000 0.760000 2.632781
0.620000 0.760000 2.587835
0.640000 0.760000 2.534915
0.660000 0.760000 2.473790
0.680000 0.760000 2.404190
0.700000 0.760000 2.325807
0.720000 0.760000 2.238286
0.740000 0.760000 2.141228
0.760000 0.760000 2.034184
0.780000 0.760000 1.916650
0.800000 0.760000 1.788067
0.820000 0.760000 1.647816
0.840000 0.760000 1.495213
0.860000 0.760000 1.329508
0.880000 0.760000 1.149886
0.900000 0.760000 0.955462
0.920000 0.760000 0.745289
0.940000 0.760000 0.518362
0.960000 0.760000 0.273628
0.980000 0.760000 0.010000

0.000000 0.740000 0.010000
0.020000 0.740000 0.284259
0.040000 0.740000 0.539537
0.060000 0.740000 0.776835
0.080000 0.740000 0.997132
0.100000 0.740000 1.201363
0.120000 0.740000 1.390420
0.140000 0.740000 1.565140
0.160000 0.740000 1.726303
0.180000 0.740000 1.874634
0.200000 0.740000 2.010796
0.220000 0.740000 2.135397
0.240000 0.740000 2.248988
0.260000 0.740000 2.352071
0.280000 0.740000 2.445093
0.300000 0.740000 2.528458
0.320000 0.740000 2.602521
0.340000 0.740000 2.667598
0.360000 0.740000 2.723963
0.380000 0.740000 2.771850
0.400000 0.740000 2.811459
0.420000 0.740000 2.842953
0.440000 0.740000 2.866462
0.460000 0.740000 2.882081
0.480000 0.740000 2.889875
0.500000 0.740000 2.889876
0.520000 0.740000 2.882082
0.540000 0.740000 2.866463
0.560000 0.740000 2.842955
0.580000 0.740000 2.811461
0.600000 0.740000 2.771853
0.620000 0.740000 2.723966
0.640000 0.740000 2.667602
0.660000 0.740000 2.602526
0.680000 0.740000 2.528463
0.700000 0.740000 2.445099
0.720000 0.740000 2.352078
0.740000 0.740000 2.248996
0.760000 0.740000 2.135405
0.780000 0.740000 2.010805
0.800000 0.740000 1.874644
0.820000 0.740000 1.726314
0.840000 0.740000 1.565150
0.860000 0.740000 1.390430
0.880000 0.740000 1.201372
0.900000 0.740000 0.997140
0.920000 0.740000 0.776843
0.940000 0.740000 0.539542
0.960000 0.740000 0.284262
0.980000 0.740000 0.010000

0.000000 0.720000 0.010000
0.020000 0.720000 0.293877
0.040000 0.720000 0.558697
0.060000 0.720000 0.805394
0.080000 0.720000 1.034877
0.100000 0.720000 1.248026
0.120000 0.720000 1.445680
0.140000 0.720000 1.628634
0.160000 0.720000 1.797636
0.180000 0.720000 1.953381
0.200000 0.720000 2.096514
0.220000 0.720000 2.227628
0.240000 0.720000 2.347266
0.260000 0.720000 2.455923
0.280000 0.720000 2.554044
0.300000 0.720000 2.642032
0.320000 0.720000 2.720245
0.340000 0.720000 2.788999
0.360000 0.720000 2.848571
0.380000 0.720000 2.899200
0.400000 0.720000 2.941088
0.420000 0.720000 2.974401
0.440000 0.720000 2.999272
0.460000 0.720000 3.015798
0.480000 0.720000 3.024045
0.500000 0.720000 3.024046
0.520000 0.720000 3.015799
0.540000 0.720000 2.999273
0.560000 0.720000 2.974403
0.580000 0.720000 2.941090
0.600000 0.720000 2.899203
0.620000 0.720000 2.848574
0.640000 0.720000 2.789003
0.660000 0.720000 2.720249
0.680000 0.720000 2.642037
0.700000 0.720000 2.554050
0.720000 0.720000 2.455929
0.740000 0.720000 2.347273
0.760000 0.720000 2.227636
0.780000 0.720000 2.096522
0.800000 0.720000 1.953390
0.820000 0.720000 1.797645
0.840000 0.720000 1.628643
0.860000 0.720000 1.445688
0.880000 0.720000 1.248034
0.900000 0.720000 1.034884
0.920000 0.720000 0.805399
0.940000 0.720000 0.558701
0.960000 0.720000 0.293879
0.980000 0.720000 0.010000

0.000000 0.700000 0.010000
0.020000 0.700000 0.302550
0.040000 0.700000 0.575981
0.060000 0.700000 0.831165
0.080000 0.700000 1.068957
0.100000 0.700000 1.290184
0.120000 0.700000 1.495640
0.140000 0.700000 1.686082
0.160000 0.700000 1.862225
0.180000 0.700000 2.024740
0.200000 0.700000 2.174251
0.220000 0.700000 2.311335
0.240000 0.700000 2.436526
0.260000 0.700000 2.550310
0.280000 0.700000 2.653129
0.300000 0.700000 2.745382
0.320000 0.700000 2.827427
0.340000 0.700000 2.899581
0.360000 0.700000 2.962122
0.380000 0.700000 3.015291
0.400000 0.700000 3.059291
0.420000 0.700000 3.094292
0.440000 0.700000 3.120427
0.460000 0.700000 3.137795
0.480000 0.700000 3.146462
0.500000 0.700000 3.146463
0.520000 0.700000 3.137795
0.540000 0.700000 3.120428
0.560000 0.700000 3.094294
0.580000 0.700000 3.059293
0.600000 0.700000 3.015293
0.620000 0.700000 2.962125
0.640000 0.700000 2.899584
0.660000 0.700000 2.827431
0.680000 0.700000 2.745387
0.700000 0.700000 2.653134
0.720000 0.700000 2.550316
0.740000 0.700000 2.436533
0.760000 0.700000 2.311342
0.780000 0.700000 2.174258
0.800000 0.700000 2.024748
0.820000 0.700000 1.862233
0.840000 0.700000 1.686090
0.860000 0.700000 1.495647
0.880000 0.700000 1.290190
0.900000 0.700000 1.068963
0.920000 0.700000 0.831170
0.940000 0.700000 0.575984
0.960000 0.700000 0.302551
0.980000 0.700000 0.010000

0.000000 0.680000 0.010000
0.020000 0.680000 0.310341
0.040000 0.680000 0.591511
0.060000 0.680000 0.854330
0.080000 0.680000 1.099602
0.100000 0.680000 1.328112
0.120000 0.680000 1.540613
0.140000 0.680000 1.737829
0.160000 0.680000 1.920443
0.180000 0.680000 2.089103
0.200000 0.680000 2.244413
0.220000 0.680000 2.386936
0.240000 0.680000 2.517193
0.260000 0.680000 2.635662
0.280000 0.680000 2.742779
0.300000 0.680000 2.838940
0.320000 0.680000 2.924500
0.340000 0.680000 2.999775
0.360000 0.680000 3.065045
0.380000 0.680000 3.120550
0.400000 0.680000 3.166495
0.420000 0.680000 3.203049
0.440000 0.680000 3.230348
0.460000 0.680000 3.248491
0.480000 0.680000 3.257547
0.500000 0.680000 3.257547
0.520000 0.680000 3.248492
0.540000 0.680000 3.230349
0.560000 0.680000 3.203051
0.580000 0.680000 3.166497
0.600000 0.680000 3.120552
0.620000 0.680000 3.065048
0.640000 0.680000 2.999779
0.660000 0.680000 2.924504
0.680000 0.680000 2.838944
0.700000 0.680000 2.742784
0.720000 0.680000 2.635667
0.740000 0.680000 2.517199
0.760000 0.680000 2.386943
0.780000 0.680000 2.244420
0.800000 0.680000 2.089110
0.820000 0.680000 1.920450
0.840000 0.680000 1.737835
0.860000 0.680000 1.540620
0.880000 0.680000 1.328117
0.900000 0.680000 1.099607
0.920000 0.680000 0.854333
0.940000 0.680000 0.591514
0.960000 0.680000 0.310343
0.980000 0.680000 0.010000

0.000000 0.660000 0.010000
0.020000 0.660000 0.317305
0.040000 0.660000 0.605392
0.060000 0.660000 0.875040
0.080000 0.660000 1.127010
0.100000 0.660000 1.362048
0.120000 0.660000 1.580873
0.140000 0.660000 1.784176
0.160000 0.660000 1.972616
0.180000 0.660000 2.146816
0.200000 0.660000 2.307363
0.220000 0.660000 2.454804
0.240000 0.660000 2.589648
0.260000 0.660000 2.712366
0.280000 0.660000 2.823385
0.300000 0.660000 2.923098
0.320000 0.660000 3.011857
0.340000 0.660000 3.089976
0.360000 0.660000 3.157733
0.380000 0.660000 3.215369
0.400000 0.660000 3.263088
0.420000 0.660000 3.301062
0.440000 0.660000 3.329424
0.460000 0.660000 3.348276
0.480000 0.660000 3.357686
0.500000 0.660000 3.357686
0.520000 0.660000 3.348277
0.540000 0.660000 3.329425
0.560000 0.660000 3.301063
0.580000 0.660000 3.263091
0.600000 0.660000 3.215371
0.620000 0.660000 3.157736
0.640000 0.660000 3.089979
0.660000 0.660000 3.011861
0.680000 0.660000 2.923102
0.700000 0.660000 2.823390
0.720000 0.660000 2.712370
0.740000 0.660000 2.589654
0.760000 0.660000 2.454810
0.780000 0.660000 2.307368
0.800000 0.660000 2.146822
0.820000 0.660000 1.972622
0.840000 0.660000 1.784182
0.860000 0.660000 1.580878
0.880000 0.660000 1.362053
0.900000 0.660000 1.127015
0.920000 0.660000 0.875043
0.940000 0.660000 0.605395
0.960000 0.660000 0.317306
0.980000 0.660000 0.010000

0.000000 0.640000 0.010000
0.020000 0.640000 0.323485
0.040000 0.640000 0.617714
0.060000 0.640000 0.893427
0.080000 0.640000 1.151351
0.100000 0.640000 1.392198
0.120000 0.640000 1.616655
0.140000 0.640000 1.825387
0.160000 0.640000 2.019029
0.180000 0.640000 2.198182
0.200000 0.640000 2.363418
0.220000 0.640000 2.515268
0.240000 0.640000 2.654231
0.260000 0.640000 2.780767
0.280000 0.640000 2.895298
0.300000 0.640000 2.998211
0.320000 0.640000 3.089854
0.340000 0.640000 3.170539
0.360000 0.640000 3.240543
0.380000 0.640000 3.300104
0.400000 0.640000 3.349429
0.420000 0.640000 3.388686
0.440000 0.640000 3.418010
0.460000 0.640000 3.437504
0.480000 0.640000 3.447234
0.500000 0.640000 3.447235
0.520000 0.640000 3.437505
0.540000 0.640000 3.418011
0.560000 0.640000 3.388687
0.580000 0.640000 3.349430
0.600000 0.640000 3.300107
0.620000 0.640000 3.240545
0.640000 0.640000 3.170542
0.660000 0.640000 3.089857
0.680000 0.640000 2.998215
0.700000 0.640000 2.895302
0.720000 0.640000 2.780771
0.740000 0.640000 2.654236
0.760000 0.640000 2.515273
0.780000 0.640000 2.363423
0.800000 0.640000 2.198188
0.820000 0.640000 2.019034
0.840000 0.640000 1.825392
0.860000 0.640000 1.616659
0.880000 0.640000 1.392202
0.900000 0.640000 1.151355
0.920000 0.640000 0.893430
0.940000 0.640000 0.617716
0.960000 0.640000 0.323486
0.980000 0.640000 0.010000

0.000000 0.620000 0.010000
0.020000 0.620000 0.328920
0.040000 0.620000 0.628552
0.060000 0.620000 0.909603
0.080000 0.620000 1.172771
0.100000 0.620000 1.418736
0.120000 0.620000 1.648162
0.140000 0.620000 1.861688
0.160000 0.620000 2.059929
0.180000 0.620000 2.243467
0.200000 0.620000 2.412858
0.220000 0.620000 2.568620
0.240000 0.620000 2.711241
0.260000 0.620000 2.841172
0.280000 0.620000 2.958829
0.300000 0.620000 3.064593
0.320000 0.620000 3.158808
0.340000 0.620000 3.241784
0.360000 0.620000 3.313794
0.380000 0.620000 3.375077
0.400000 0.620000 3.425836
0.420000 0.620000 3.466241
0.440000 0.620000 3.496428
0.460000 0.620000 3.516496
0.480000 0.620000 3.526513
0.500000 0.620000 3.526513
0.520000 0.620000 3.516496
0.540000 0.620000 3.496429
0.560000 0.620000 3.466243
0.580000 0.620000 3.425838
0.600000 0.620000 3.375079
0.620000 0.620000 3.313797
0.640000 0.620000 3.241787
0.660000 0.620000 3.158812
0.680000 0.620000 3.064597
0.700000 0.620000 2.958833
0.720000 0.620000 2.841176
0.740000 0.620000 2.711245
0.760000 0.620000 2.568625
0.780000 0.620000 2.412862
0.800000 0.620000 2.243472
0.820000 0.620000 2.059933
0.840000 0.620000 1.861693
0.860000 0.620000 1.648166
0.880000 0.620000 1.418739
0.900000 0.620000 1.172774
0.920000 0.620000 0.909606
0.940000 0.620000 0.628554
0.960000 0.620000 0.328921
0.980000 0.620000 0.010000

0.000000 0.600000 0.010000
0.020000 0.600000 0.333643
0.040000 0.600000 0.637971
0.060000 0.600000 0.923663
0.080000 0.600000 1.191392
0.100000 0.600000 1.441813
0.120000 0.600000 1.675568
0.140000 0.600000 1.893276
0.160000 0.600000 2.095530
0.180000 0.600000 2.282900
0.200000 0.600000 2.455925
0.220000 0.600000 2.615113
0.240000 0.600000 2.760941
0.260000 0.600000 2.893851
0.280000 0.600000 3.014254
0.300000 0.600000 3.122524
0.320000 0.600000 3.219003
0.340000 0.600000 3.303995
0.360000 0.600000 3.377773
0.380000 0.600000 3.440573
0.400000 0.600000 3.492598
0.420000 0.600000 3.534016
0.440000 0.600000 3.564963
0.460000 0.600000 3.585538
0.480000 0.600000 3.595809
0.500000 0.600000 3.595809
0.520000 0.600000 3.585539
0.540000 0.600000 3.564964
0.560000 0.600000 3.534018
0.580000 0.600000 3.492599
0.600000 0.600000 3.440575
0.620000 0.600000 3.377775
0.640000 0.600000 3.303998
0.660000 0.600000 3.219006
0.680000 0.600000 3.122528
0.700000 0.600000 3.014258
0.720000 0.600000 2.893855
0.740000 0.600000 2.760945
0.760000 0.600000 2.615117
0.780000 0.600000 2.455929
0.800000 0.600000 2.282905
0.820000 0.600000 2.095534
0.840000 0.600000 1.893279
0.860000 0.600000 1.675572
0.880000 0.600000 1.441816
0.900000 0.600000 1.191394
0.920000 0.600000 0.923665
0.940000 0.600000 0.637972
0.960000 0.600000 0.333644
0.980000 0.600000 0.010000

0.000000 0.580000 0.010000
0.020000 0.580000 0.337681
0.040000 0.580000 0.646025
0.060000 0.580000 0.935688
0.080000 0.580000 1.207320
0.100000 0.580000 1.461558
0.120000 0.580000 1.699022
0.140000 0.580000 1.920316
0.160000 0.580000 2.126016
0.180000 0.580000 2.316679
0.200000 0.580000 2.492830
0.220000 0.580000 2.654967
0.240000 0.580000 2.803558
0.260000 0.580000 2.939038
0.280000 0.580000 3.061812
0.300000 0.580000 3.172247
0.320000 0.580000 3.270683
0.340000 0.580000 3.357420
0.360000 0.580000 3.432729
0.380000 0.580000 3.496843
0.400000 0.580000 3.549966
0.420000 0.580000 3.592263
0.440000 0.580000 3.623869
0.460000 0.580000 3.644885
0.480000 0.580000 3.655375
0.500000 0.580000 3.655376
0.520000 0.580000 3.644885
0.540000 0.580000 3.623870
0.560000 0.580000 3.592264
0.580000 0.580000 3.549968
0.600000 0.580000 3.496845
0.620000 0.580000 3.432731
0.640000 0.580000 3.357423
0.660000 0.580000 3.270686
0.680000 0.580000 3.172251
0.700000 0.580000 3.061815
0.720000 0.580000 2.939042
0.740000 0.580000 2.803562
0.760000 0.580000 2.654971
0.780000 0.580000 2.492834
0.800000 0.580000 2.316683
0.820000 0.580000 2.126020
0.840000 0.580000 1.920319
0.860000 0.580000 1.699026
0.880000 0.580000 1.461560
0.900000 0.580000 1.207322
0.920000 0.580000 0.935689
0.940000 0.580000 0.646026
0.960000 0.580000 0.337682
0.980000 0.580000 0.010000

0.000000 0.560000 0.010000
0.020000 0.560000 0.341058
0.040000 0.560000 0.652759
0.060000 0.560000 0.945743
0.080000 0.560000 1.220641
0.100000 0.560000 1.478075
0.120000 0.560000 1.718648
0.140000 0.560000 1.942948
0.160000 0.560000 2.151541
0.180000 0.560000 2.344969
0.200000 0.560000 2.523748
0.220000 0.560000 2.688367
0.240000 0.560000 2.839286
0.260000 0.560000 2.976933
0.280000 0.560000 3.101706
0.300000 0.560000 3.213971
0.320000 0.560000 3.314060
0.340000 0.560000 3.402274
0.360000 0.560000 3.478878
0.380000 0.560000 3.544107
0.400000 0.560000 3.598159
0.420000 0.560000 3.641201
0.440000 0.560000 3.673367
0.460000 0.560000 3.694755
0.480000 0.560000 3.705433
0.500000 0.560000 3.705433
0.520000 0.560000 3.694756
0.540000 0.560000 3.673368
0.560000 0.560000 3.641203
0.580000 0.560000 3.598161
0.600000 0.560000 3.544109
0.620000 0.560000 3.478881
0.640000 0.560000 3.402277
0.660000 0.560000 3.314063
0.680000 0.560000 3.213974
0.700000 0.560000 3.101709
0.720000 0.560000 2.976936
0.740000 0.560000 2.839289
0.760000 0.560000 2.688371
0.780000 0.560000 2.523751
0.800000 0.560000 2.344972
0.820000 0.560000 2.151544
0.840000 0.560000 1.942951
0.860000 0.560000 1.718651
0.880000 0.560000 1.478077
0.900000 0.560000 1.220644
0.920000 0.560000 0.945744
0.940000 0.560000 0.652760
0.960000 0.560000 0.341058
0.980000 0.560000 0.010000

0.000000 0.540000 0.010000
0.020000 0.540000 0.343791
0.040000 0.540000 0.658210
0.060000 0.540000 0.953883
0.080000 0.540000 1.231429
0.100000 0.540000 1.491452
0.120000 0.540000 1.734547
0.140000 0.540000 1.961288
0.160000 0.540000 2.172231
0.180000 0.540000 2.367907
0.200000 0.540000 2.548826
0.220000 0.540000 2.715468
0.240000 0.540000 2.868285
0.260000 0.540000 3.007701
0.280000 0.540000 3.134109
0.300000 0.540000 3.247870
0.320000 0.540000 3.349314
0.340000 0.540000 3.438737
0.360000 0.540000 3.516404
0.380000 0.540000 3.582547
0.400000 0.540000 3.637362
0.420000 0.540000 3.681016
0.440000 0.540000 3.713641
0.460000 0.540000 3.735337
0.480000 0.540000 3.746168
0.500000 0.540000 3.746168
0.520000 0.540000 3.735337
0.540000 0.540000 3.713642
0.560000 0.540000 3.681018
0.580000 0.540000 3.637364
0.600000 0.540000 3.582548
0.620000 0.540000 3.516407
0.640000 0.540000 3.438740
0.660000 0.540000 3.349317
0.680000 0.540000 3.247873
0.700000 0.540000 3.134112
0.720000 0.540000 3.007704
0.740000 0.540000 2.868288
0.760000 0.540000 2.715471
0.780000 0.540000 2.548829
0.800000 0.540000 2.367911
0.820000 0.540000 2.172234
0.840000 0.540000 1.961291
0.860000 0.540000 1.734550
0.880000 0.540000 1.491455
0.900000 0.540000 1.231431
0.920000 0.540000 0.953885
0.940000 0.540000 0.658211
0.960000 0.540000 0.343791
0.980000 0.540000 0.010000

0.000000 0.520000 0.010000
0.020000 0.520000 0.345895
0.040000 0.520000 0.662407
0.060000 0.520000 0.960152
0.080000 0.520000 1.239737
0.100000 0.520000 1.501758
0.120000 0.520000 1.746799
0.140000 0.520000 1.975426
0.160000 0.520000 2.188186
0.180000 0.520000 2.385604
0.200000 0.520000 2.568181
0.220000 0.520000 2.736392
0.240000 0.520000 2.890685
0.260000 0.520000 3.031477
0.280000 0.520000 3.159159
0.300000 0.520000 3.274087
0.320000 0.520000 3.376588
0.340000 0.520000 3.466957
0.360000 0.520000 3.545455
0.380000 0.520000 3.612313
0.400000 0.520000 3.667726
0.420000 0.520000 3.711860
0.440000 0.520000 3.744846
0.460000 0.520000 3.766782
0.480000 0.520000 3.777734
0.500000 0.520000 3.777734
0.520000 0.520000 3.766782
0.540000 0.520000 3.744847
0.560000 0.520000 3.711862
0.580000 0.520000 3.667728
0.600000 0.520000 3.612314
0.620000 0.520000 3.545457
0.640000 0.520000 3.466959
0.660000 0.520000 3.376591
0.680000 0.520000 3.274090
0.700000 0.520000 3.159162
0.720000 0.520000 3.031481
0.740000 0.520000 2.890688
0.760000 0.520000 2.736395
0.780000 0.520000 2.568184
0.800000 0.520000 2.385607
0.820000 0.520000 2.188189
0.840000 0.520000 1.975429
0.860000 0.520000 1.746802
0.880000 0.520000 1.501761
0.900000 0.520000 1.239739
0.920000 0.520000 0.960154
0.940000 0.520000 0.662408
0.960000 0.520000 0.345895
0.980000 0.520000 0.010000

0.000000 0.500000 0.010000
0.020000 0.500000 0.347381
0.040000 0.500000 0.665372
0.060000 0.500000 0.964582
0.080000 0.500000 1.245609
0.100000 0.500000 1.509045
0.120000 0.500000 1.755466
0.140000 0.500000 1.985432
0.160000 0.500000 2.199484
0.180000 0.500000 2.398142
0.200000 0.500000 2.581902
0.220000 0.500000 2.751236
0.240000 0.500000 2.906585
0.260000 0.500000 3.048365
0.280000 0.500000 3.176962
0.300000 0.500000 3.292731
0.320000 0.500000 3.395995
0.340000 0.500000 3.487047
0.360000 0.500000 3.566147
0.380000 0.500000 3.633523
0.400000 0.500000 3.689370
0.420000 0.500000 3.733853
0.440000 0.500000 3.767101
0.460000 0.500000 3.789212
0.480000 0.500000 3.800251
0.500000 0.500000 3.800251
0.520000 0.500000 3.789212
0.540000 0.500000 3.767102
0.560000 0.500000 3.733854
0.580000 0.500000 3.689372
0.600000 0.500000 3.633524
0.620000 0.500000 3.566149
0.640000 0.500000 3.487049
0.660000 0.500000 3.395997
0.680000 0.500000 3.292733
0.700000 0.500000 3.176965
0.720000 0.500000 3.048368
0.740000 0.500000 2.906588
0.760000 0.500000 2.751239
0.780000 0.500000 2.581906
0.800000 0.500000 2.398145
0.820000 0.500000 2.199487
0.840000 0.500000 1.985434
0.860000 0.500000 1.755468
0.880000 0.500000 1.509047
0.900000 0.500000 1.245611
0.920000 0.500000 0.964583
0.940000 0.500000 0.665373
0.960000 0.500000 0.347381
0.980000 0.500000 0.010000

0.000000 0.480000 0.010000
0.020000 0.480000 0.348256
0.040000 0.480000 0.667119
0.060000 0.480000 0.967193
0.080000 0.480000 1.249073
0.100000 0.480000 1.513347
0.120000 0.480000 1.760587
0.140000 0.480000 1.991351
0.160000 0.480000 2.206175
0.180000 0.480000 2.405578
0.200000 0.480000 2.590051
0.220000 0.480000 2.760063
0.240000 0.480000 2.916054
0.260000 0.480000 3.058436
0.280000 0.480000 3.187594
0.300000 0.480000 3.303879
0.320000 0.480000 3.407614
0.340000 0.480000 3.499088
0.360000 0.480000 3.578562
0.380000 0.480000 3.646261
0.400000 0.480000 3.702380
0.420000 0.480000 3.747080
0.440000 0.480000 3.780492
0.460000 0.480000 3.802713
0.480000 0.480000 3.813807
0.500000 0.480000 3.813807
0.520000 0.480000 3.802713
0.540000 0.480000 3.780493
0.560000 0.480000 3.747081
0.580000 0.480000 3.702381
0.600000 0.480000 3.646263
0.620000 0.480000 3.578564
0.640000 0.480000 3.499091
0.660000 0.480000 3.407616
0.680000 0.480000 3.303882
0.700000 0.480000 3.187597
0.720000 0.480000 3.058439
0.740000 0.480000 2.916057
0.760000 0.480000 2.760066
0.780000 0.480000 2.590054
0.800000 0.480000 2.405581
0.820000 0.480000 2.206178
0.840000 0.480000 1.991353
0.860000 0.480000 1.760590
0.880000 0.480000 1.513349
0.900000 0.480000 1.249075
0.920000 0.480000 0.967194
0.940000 0.480000 0.667120
0.960000 0.480000 0.348257
0.980000 0.480000 0.010000

0.000000 0.460000 0.010000
0.020000 0.460000 0.348525
0.040000 0.460000 0.667656
0.060000 0.460000 0.967997
0.080000 0.460000 1.250144
0.100000 0.460000 1.514682
0.120000 0.460000 1.762185
0.140000 0.460000 1.993208
0.160000 0.460000 2.208289
0.180000 0.460000 2.407943
0.200000 0.460000 2.592661
0.220000 0.460000 2.762910
0.240000 0.460000 2.919131
0.260000 0.460000 3.061732
0.280000 0.460000 3.191098
0.300000 0.460000 3.307577
0.320000 0.460000 3.411492
0.340000 0.460000 3.503131
0.360000 0.460000 3.582752
0.380000 0.460000 3.650580
0.400000 0.460000 3.706807
0.420000 0.460000 3.751596
0.440000 0.460000 3.785075
0.460000 0.460000 3.807341
0.480000 0.460000 3.818457
0.500000 0.460000 3.818457
0.520000 0.460000 3.807341
0.540000 0.460000 3.785076
0.560000 0.460000 3.751597
0.580000 0.460000 3.706809
0.600000 0.460000 3.650581
0.620000 0.460000 3.582754
0.640000 0.460000 3.503134
0.660000 0.460000 3.411495
0.680000 0.460000 3.307580
0.700000 0.460000 3.191101
0.720000 0.460000 3.061735
0.740000 0.460000 2.919134
0.760000 0.460000 2.762913
0.780000 0.460000 2.592664
0.800000 0.460000 2.407946
0.820000 0.460000 2.208292
0.840000 0.460000 1.993211
0.860000 0.460000 1.762188
0.880000 0.460000 1.514684
0.900000 0.460000 1.250145
0.920000 0.460000 0.967998
0.940000 0.460000 0.667657
0.960000 0.460000 0.348525
0.980000 0.460000 0.010000

0.000000 0.440000 0.010000
0.020000 0.440000 0.348186
0.040000 0.440000 0.666983
0.060000 0.440000 0.966995
0.080000 0.440000 1.248822
0.100000 0.440000 1.513053
0.120000 0.440000 1.760263
0.140000 0.440000 1.991009
0.160000 0.440000 2.205830
0.180000 0.440000 2.405243
0.200000 0.440000 2.589740
0.220000 0.440000 2.759788
0.240000 0.440000 2.915826
0.260000 0.440000 3.058265
0.280000 0.440000 3.187487
0.300000 0.440000 3.303841
0.320000 0.440000 3.407647
0.340000 0.440000 3.499193
0.360000 0.440000 3.578735
0.380000 0.440000 3.646498
0.400000 0.440000 3.702673
0.420000 0.440000 3.747422
0.440000 0.440000 3.780871
0.460000 0.440000 3.803117
0.480000 0.440000 3.814224
0.500000 0.440000 3.814224
0.520000 0.440000 3.803118
0.540000 0.440000 3.780872
0.560000 0.440000 3.747423
0.580000 0.440000 3.702675
0.600000 0.440000 3.646500
0.620000 0.440000 3.578737
0.640000 0.440000 3.499195
0.660000 0.440000 3.407650
0.680000 0.440000 3.303844
0.700000 0.440000 3.187490
0.720000 0.440000 3.058268
0.740000 0.440000 2.915829
0.760000 0.440000 2.759791
0.780000 0.440000 2.589743
0.800000 0.440000 2.405246
0.820000 0.440000 2.205833
0.840000 0.440000 1.991012
0.860000 0.440000 1.760265
0.880000 0.440000 1.513056
0.900000 0.440000 1.248824
0.920000 0.440000 0.966996
0.940000 0.440000 0.666984
0.960000 0.440000 0.348187
0.980000 0.440000 0.010000

0.000000 0.420000 0.010000
0.020000 0.420000 0.347238
0.040000 0.420000 0.665094
0.060000 0.420000 0.964178
0.080000 0.420000 1.245097
0.100000 0.420000 1.508446
0.120000 0.420000 1.754804
0.140000 0.420000 1.984734
0.160000 0.420000 2.198779
0.180000 0.420000 2.397458
0.200000 0.420000 2.581267
0.220000 0.420000 2.750674
0.240000 0.420000 2.906120
0.260000 0.420000 3.048016
0.280000 0.420000 3.176744
0.300000 0.420000 3.292652
0.320000 0.420000 3.396062
0.340000 0.420000 3.487258
0.360000 0.420000 3.566498
0.380000 0.420000 3.634004
0.400000 0.420000 3.689967
0.420000 0.420000 3.734546
0.440000 0.420000 3.767870
0.460000 0.420000 3.790033
0.480000 0.420000 3.801098
0.500000 0.420000 3.801098
0.520000 0.420000 3.790033
0.540000 0.420000 3.767871
0.560000 0.420000 3.734548
0.580000 0.420000 3.689968
0.600000 0.420000 3.634005
0.620000 0.420000 3.566500
0.640000 0.420000 3.487261
0.660000 0.420000 3.396064
0.680000 0.420000 3.292655
0.700000 0.420000 3.176747
0.720000 0.420000 3.048019
0.740000 0.420000 2.906124
0.760000 0.420000 2.750678
0.780000 0.420000 2.581270
0.800000 0.420000 2.397461
0.820000 0.420000 2.198782
0.840000 0.420000 1.984737
0.860000 0.420000 1.754807
0.880000 0.420000 1.508448
0.900000 0.420000 1.245099
0.920000 0.420000 0.964180
0.940000 0.420000 0.665095
0.960000 0.420000 0.347239
0.980000 0.420000 0.010000

0.000000 0.400000 0.010000
0.020000 0.400000 0.345674
0.040000 0.400000 0.661975
0.060000 0.400000 0.959526
0.080000 0.400000 1.238943
0.100000 0.400000 1.500829
0.120000 0.400000 1.745773
0.140000 0.400000 1.974345
0.160000 0.400000 2.187094
0.180000 0.400000 2.384544
0.200000 0.400000 2.567197
0.220000 0.400000 2.735522
0.240000 0.400000 2.889964
0.260000 0.400000 3.030936
0.280000 0.400000 3.158819
0.300000 0.400000 3.273964
0.320000 0.400000 3.376689
0.340000 0.400000 3.467281
0.360000 0.400000 3.545994
0.380000 0.400000 3.613052
0.400000 0.400000 3.668643
0.420000 0.400000 3.712927
0.440000 0.400000 3.746030
0.460000 0.400000 3.768045
0.480000 0.400000 3.779038
0.500000 0.400000 3.779038
0.520000 0.400000 3.768046
0.540000 0.400000 3.746030
0.560000 0.400000 3.712928
0.580000 0.400000 3.668645
0.600000 0.400000 3.613054
0.620000 0.400000 3.545997
0.640000 0.400000 3.467283
0.660000 0.400000 3.376691
0.680000 0.400000 3.273966
0.700000 0.400000 3.158822
0.720000 0.400000 3.030939
0.740000 0.400000 2.889968
0.760000 0.400000 2.735526
0.780000 0.400000 2.567200
0.800000 0.400000 2.384548
0.820000 0.400000 2.187097
0.840000 0.400000 1.974348
0.860000 0.400000 1.745776
0.880000 0.400000 1.500832
0.900000 0.400000 1.238945
0.920000 0.400000 0.959528
0.940000 0.400000 0.661976
0.960000 0.400000 0.345674
0.980000 0.400000 0.010000

0.000000 0.380000 0.010000
0.020000 0.380000 0.343482
0.040000 0.380000 0.657606
0.060000 0.380000 0.953009
0.080000 0.380000 1.230320
0.100000 0.380000 1.490155
0.120000 0.380000 1.733115
0.140000 0.380000 1.959779
0.160000 0.380000 2.170706
0.180000 0.380000 2.366429
0.200000 0.380000 2.547452
0.220000 0.380000 2.714254
0.240000 0.380000 2.867279
0.260000 0.380000 3.006944
0.280000 0.380000 3.133632
0.300000 0.380000 3.247694
0.320000 0.380000 3.349449
0.340000 0.380000 3.439182
0.360000 0.380000 3.517147
0.380000 0.380000 3.583566
0.400000 0.380000 3.638628
0.420000 0.380000 3.682489
0.440000 0.380000 3.715276
0.460000 0.380000 3.737082
0.480000 0.380000 3.747969
0.500000 0.380000 3.747969
0.520000 0.380000 3.737082
0.540000 0.380000 3.715277
0.560000 0.380000 3.682491
0.580000 0.380000 3.638629
0.600000 0.380000 3.583568
0.620000 0.380000 3.517149
0.640000 0.380000 3.439184
0.660000 0.380000 3.349451
0.680000 0.380000 3.247697
0.700000 0.380000 3.133636
0.720000 0.380000 3.006948
0.740000 0.380000 2.867283
0.760000 0.380000 2.714258
0.780000 0.380000 2.547456
0.800000 0.380000 2.366432
0.820000 0.380000 2.170710
0.840000 0.380000 1.959782
0.860000 0.380000 1.733118
0.880000 0.380000 1.490158
0.900000 0.380000 1.230322
0.920000 0.380000 0.953011
0.940000 0.380000 0.657607
0.960000 0.380000 0.343483
0.980000 0.380000 0.010000

0.000000 0.360000 0.010000
0.020000 0.360000 0.340649
0.040000 0.360000 0.651958
0.060000 0.360000 0.944584
0.080000 0.360000 1.219172
0.100000 0.360000 1.476356
0.120000 0.360000 1.716751
0.140000 0.360000 1.940950
0.160000 0.360000 2.149523
0.180000 0.360000 2.343012
0.200000 0.360000 2.521931
0.220000 0.360000 2.686761
0.240000 0.360000 2.837955
0.260000 0.360000 2.975930
0.280000 0.360000 3.101072
0.300000 0.360000 3.213732
0.320000 0.360000 3.314230
0.340000 0.360000 3.402850
0.360000 0.360000 3.479846
0.380000 0.360000 3.545438
0.400000 0.360000 3.599813
0.420000 0.360000 3.643126
0.440000 0.360000 3.675503
0.460000 0.360000 3.697037
0.480000 0.360000 3.707788
0.500000 0.360000 3.707788
0.520000 0.360000 3.697037
0.540000 0.360000 3.675504
0.560000 0.360000 3.643128
0.580000 0.360000 3.599814
0.600000 0.360000 3.545440
0.620000 0.360000 3.479849
0.640000 0.360000 3.402853
0.660000 0.360000 3.314233
0.680000 0.360000 3.213735
0.700000 0.360000 3.101075
0.720000 0.360000 2.975934
0.740000 0.360000 2.837959
0.760000 0.360000 2.686765
0.780000 0.360000 2.521935
0.800000 0.360000 2.343016
0.820000 0.360000 2.149527
0.840000 0.360000 1.940954
0.860000 0.360000 1.716755
0.880000 0.360000 1.476359
0.900000 0.360000 1.219175
0.920000 0.360000 0.944586
0.940000 0.360000 0.651959
0.960000 0.360000 0.340649
0.980000 0.360000 0.010000

0.000000 0.340000 0.010000
0.020000 0.340000 0.337155
0.040000 0.340000 0.644993
0.060000 0.340000 0.934195
0.080000 0.340000 1.205429
0.100000 0.340000 1.459347
0.120000 0.340000 1.696583
0.140000 0.340000 1.917748
0.160000 0.340000 2.123424
0.180000 0.340000 2.314166
0.200000 0.340000 2.490497
0.220000 0.340000 2.652905
0.240000 0.340000 2.801849
0.260000 0.340000 2.937749
0.280000 0.340000 3.060993
0.300000 0.340000 3.171933
0.320000 0.340000 3.270888
0.340000 0.340000 3.358144
0.360000 0.340000 3.433950
0.380000 0.340000 3.498526
0.400000 0.340000 3.552058
0.420000 0.340000 3.594700
0.440000 0.340000 3.626574
0.460000 0.340000 3.647773
0.480000 0.340000 3.658358
0.500000 0.340000 3.658358
0.520000 0.340000 3.647774
0.540000 0.340000 3.626575
0.560000 0.340000 3.594701
0.580000 0.340000 3.552060
0.600000 0.340000 3.498528
0.620000 0.340000 3.433953
0.640000 0.340000 3.358147
0.660000 0.340000 3.270891
0.680000 0.340000 3.171936
0.700000 0.340000 3.060996
0.720000 0.340000 2.937753
0.740000 0.340000 2.801853
0.760000 0.340000 2.652910
0.780000 0.340000 2.490501
0.800000 0.340000 2.314171
0.820000 0.340000 2.123429
0.840000 0.340000 1.917752
0.860000 0.340000 1.696587
0.880000 0.340000 1.459351
0.900000 0.340000 1.205432
0.920000 0.340000 0.934198
0.940000 0.340000 0.644995
0.960000 0.340000 0.337155
0.980000 0.340000 0.010000

0.000000 0.320000 0.010000
0.020000 0.320000 0.332976
0.040000 0.320000 0.636666
0.060000 0.320000 0.921776
0.080000 0.320000 1.189001
0.100000 0.320000 1.439019
0.120000 0.320000 1.672487
0.140000 0.320000 1.890034
0.160000 0.320000 2.092259
0.180000 0.320000 2.279732
0.200000 0.320000 2.452984
0.220000 0.320000 2.612515
0.240000 0.320000 2.758786
0.260000 0.320000 2.892224
0.280000 0.320000 3.013217
0.300000 0.320000 3.122118
0.320000 0.320000 3.219247
0.340000 0.320000 3.304886
0.360000 0.320000 3.379284
0.380000 0.320000 3.442659
0.400000 0.320000 3.495194
0.420000 0.320000 3.537041
0.440000 0.320000 3.568321
0.460000 0.320000 3.589124
0.480000 0.320000 3.599511
0.500000 0.320000 3.599512
0.520000 0.320000 3.589125
0.540000 0.320000 3.568322
0.560000 0.320000 3.537042
0.580000 0.320000 3.495196
0.600000 0.320000 3.442661
0.620000 0.320000 3.379287
0.640000 0.320000 3.304889
0.660000 0.320000 3.219250
0.680000 0.320000 3.122122
0.700000 0.320000 3.013221
0.720000 0.320000 2.892228
0.740000 0.320000 2.758791
0.760000 0.320000 2.612520
0.780000 0.320000 2.452989
0.800000 0.320000 2.279737
0.820000 0.320000 2.092264
0.840000 0.320000 1.890039
0.860000 0.320000 1.672492
0.880000 0.320000 1.439023
0.900000 0.320000 1.189004
0.920000 0.320000 0.921778
0.940000 0.320000 0.636668
0.960000 0.320000 0.332977
0.980000 0.320000 0.010000

0.000000 0.300000 0.010000
0.020000 0.300000 0.328085
0.040000 0.300000 0.626918
0.060000 0.300000 0.907240
0.080000 0.300000 1.169779
0.100000 0.300000 1.415242
0.120000 0.300000 1.644312
0.140000 0.300000 1.857641
0.160000 0.300000 2.055848
0.180000 0.300000 2.239517
0.200000 0.300000 2.409193
0.220000 0.300000 2.565384
0.240000 0.300000 2.708558
0.260000 0.300000 2.839143
0.280000 0.300000 2.957532
0.300000 0.300000 3.064077
0.320000 0.300000 3.159095
0.340000 0.300000 3.242868
0.360000 0.300000 3.315643
0.380000 0.300000 3.377632
0.400000 0.300000 3.429018
0.420000 0.300000 3.469949
0.440000 0.300000 3.500544
0.460000 0.300000 3.520892
0.480000 0.300000 3.531052
0.500000 0.300000 3.531052
0.520000 0.300000 3.520893
0.540000 0.300000 3.500545
0.560000 0.300000 3.469950
0.580000 0.300000 3.429019
0.600000 0.300000 3.377634
0.620000 0.300000 3.315645
0.640000 0.300000 3.242871
0.660000 0.300000 3.159099
0.680000 0.300000 3.064081
0.700000 0.300000 2.957536
0.720000 0.300000 2.839148
0.740000 0.300000 2.708563
0.760000 0.300000 2.565389
0.780000 0.300000 2.409199
0.800000 0.300000 2.239522
0.820000 0.300000 2.055854
0.840000 0.300000 1.857646
0.860000 0.300000 1.644317
0.880000 0.300000 1.415247
0.900000 0.300000 1.169784
0.920000 0.300000 0.907244
0.940000 0.300000 0.626920
0.960000 0.300000 0.328086
0.980000 0.300000 0.010000

0.000000 0.280000 0.010000
0.020000 0.280000 0.322446
0.040000 0.280000 0.615681
0.060000 0.280000 0.890489
0.080000 0.280000 1.147634
0.100000 0.280000 1.387859
0.120000 0.280000 1.611878
0.140000 0.280000 1.820369
0.160000 0.280000 2.013975
0.180000 0.280000 2.193295
0.200000 0.280000 2.358888
0.220000 0.280000 2.511271
0.240000 0.280000 2.650917
0.260000 0.280000 2.778260
0.280000 0.280000 2.893691
0.300000 0.280000 2.997562
0.320000 0.280000 3.090189
0.340000 0.280000 3.171849
0.360000 0.280000 3.242786
0.380000 0.280000 3.303209
0.400000 0.280000 3.353296
0.420000 0.280000 3.393192
0.440000 0.280000 3.423015
0.460000 0.280000 3.442849
0.480000 0.280000 3.452752
0.500000 0.280000 3.452752
0.520000 0.280000 3.442849
0.540000 0.280000 3.423016
0.560000 0.280000 3.393194
0.580000 0.280000 3.353297
0.600000 0.280000 3.303211
0.620000 0.280000 3.242788
0.640000 0.280000 3.171852
0.660000 0.280000 3.090193
0.680000 0.280000 2.997567
0.700000 0.280000 2.893696
0.720000 0.280000 2.778265
0.740000 0.280000 2.650923
0.760000 0.280000 2.511276
0.780000 0.280000 2.358894
0.800000 0.280000 2.193301
0.820000 0.280000 2.013981
0.840000 0.280000 1.820376
0.860000 0.280000 1.611884
0.880000 0.280000 1.387865
0.900000 0.280000 1.147639
0.920000 0.280000 0.890493
0.940000 0.280000 0.615684
0.960000 0.280000 0.322447
0.980000 0.280000 0.010000

0.000000 0.260000 0.010000
0.020000 0.260000 0.316016
0.040000 0.260000 0.602872
0.060000 0.260000 0.871399
0.080000 0.260000 1.122408
0.100000 0.260000 1.356682
0.120000 0.260000 1.574971
0.140000 0.260000 1.777984
0.160000 0.260000 1.966387
0.180000 0.260000 2.140799
0.200000 0.260000 2.301792
0.220000 0.260000 2.449893
0.240000 0.260000 2.585581
0.260000 0.260000 2.709289
0.280000 0.260000 2.821410
0.300000 0.260000 2.922293
0.320000 0.260000 3.012249
0.340000 0.260000 3.091553
0.360000 0.260000 3.160442
0.380000 0.260000 3.219122
0.400000 0.260000 3.267764
0.420000 0.260000 3.306510
0.440000 0.260000 3.335473
0.460000 0.260000 3.354736
0.480000 0.260000 3.364354
0.500000 0.260000 3.364354
0.520000 0.260000 3.354737
0.540000 0.260000 3.335475
0.560000 0.260000 3.306512
0.580000 0.260000 3.267766
0.600000 0.260000 3.219124
0.620000 0.260000 3.160445
0.640000 0.260000 3.091556
0.660000 0.260000 3.012253
0.680000 0.260000 2.922297
0.700000 0.260000 2.821415
0.720000 0.260000 2.709294
0.740000 0.260000 2.585587
0.760000 0.260000 2.449900
0.780000 0.260000 2.301799
0.800000 0.260000 2.140806
0.820000 0.260000 1.966394
0.840000 0.260000 1.777992
0.860000 0.260000 1.574979
0.880000 0.260000 1.356689
0.900000 0.260000 1.122414
0.920000 0.260000 0.871404
0.940000 0.260000 0.602876
0.960000 0.260000 0.316018
0.980000 0.260000 0.010000

0.000000 0.240000 0.010000
0.020000 0.240000 0.308746
0.040000 0.240000 0.588393
0.060000 0.240000 0.849828
0.080000 0.240000 1.093917
0.100000 0.240000 1.321491
0.120000 0.240000 1.533341
0.140000 0.240000 1.730210
0.160000 0.240000 1.912790
0.180000 0.240000 2.081721
0.200000 0.240000 2.237590
0.220000 0.240000 2.380929
0.240000 0.240000 2.512223
0.260000 0.240000 2.631905
0.280000 0.240000 2.740366
0.300000 0.240000 2.837950
0.320000 0.240000 2.924962
0.340000 0.240000 3.001671
0.360000 0.240000 3.068309
0.380000 0.240000 3.125072
0.400000 0.240000 3.172127
0.420000 0.240000 3.209612
0.440000 0.240000 3.237632
0.460000 0.240000 3.256269
0.480000 0.240000 3.265574
0.500000 0.240000 3.265575
0.520000 0.240000 3.256270
0.540000 0.240000 3.237634
0.560000 0.240000 3.209613
0.580000 0.240000 3.172129
0.600000 0.240000 3.125074
0.620000 0.240000 3.068312
0.640000 0.240000 3.001675
0.660000 0.240000 2.924966
0.680000 0.240000 2.837954
0.700000 0.240000 2.740371
0.720000 0.240000 2.631911
0.740000 0.240000 2.512229
0.760000 0.240000 2.380936
0.780000 0.240000 2.237598
0.800000 0.240000 2.081730
0.820000 0.240000 1.912799
0.840000 0.240000 1.730218
0.860000 0.240000 1.533349
0.880000 0.240000 1.321499
0.900000 0.240000 1.093924
0.920000 0.240000 0.849834
0.940000 0.240000 0.588397
0.960000 0.240000 0.308749
0.980000 0.240000 0.010000

0.000000 0.220000 0.010000
0.020000 0.220000 0.300576
0.040000 0.220000 0.572125
0.060000 0.220000 0.825603
0.080000 0.220000 1.061940
0.100000 0.220000 1.282023
0.120000 0.220000 1.486691
0.140000 0.220000 1.676723
0.160000 0.220000 1.852842
0.180000 0.220000 2.015707
0.200000 0.220000 2.165916
0.220000 0.220000 2.304011
0.240000 0.220000 2.430476
0.260000 0.220000 2.545744
0.280000 0.220000 2.650198
0.300000 0.220000 2.744177
0.320000 0.220000 2.827979
0.340000 0.220000 2.901862
0.360000 0.220000 2.966049
0.380000 0.220000 3.020729
0.400000 0.220000 3.066062
0.420000 0.220000 3.102177
0.440000 0.220000 3.129175
0.460000 0.220000 3.147133
0.480000 0.220000 3.156100
0.500000 0.220000 3.156100
0.520000 0.220000 3.147134
0.540000 0.220000 3.129177
0.560000 0.220000 3.102179
0.580000 0.220000 3.066064
0.600000 0.220000 3.020732
0.620000 0.220000 2.966052
0.640000 0.220000 2.901866
0.660000 0.220000 2.827983
0.680000 0.220000 2.744182
0.700000 0.220000 2.650204
0.720000 0.220000 2.545750
0.740000 0.220000 2.430483
0.760000 0.220000 2.304019
0.780000 0.220000 2.165925
0.800000 0.220000 2.015716
0.820000 0.220000 1.852852
0.840000 0.220000 1.676734
0.860000 0.220000 1.486701
0.880000 0.220000 1.282034
0.900000 0.220000 1.061950
0.920000 0.220000 0.825611
0.940000 0.220000 0.572131
0.960000 0.220000 0.300579
0.980000 0.220000 0.010000

0.000000 0.200000 0.010000
0.020000 0.200000 0.291433
0.040000 0.200000 0.553926
0.060000 0.200000 0.798520
0.080000 0.200000 1.026217
0.100000 0.200000 1.237972
0.120000 0.200000 1.434676
0.140000 0.200000 1.617151
0.160000 0.200000 1.786149
0.180000 0.200000 1.942347
0.200000 0.200000 2.086358
0.220000 0.200000 2.218723
0.240000 0.200000 2.339927
0.260000 0.200000 2.450396
0.280000 0.200000 2.550505
0.300000 0.200000 2.640583
0.320000 0.200000 2.720915
0.340000 0.200000 2.791749
0.360000 0.200000 2.853296
0.380000 0.200000 2.905735
0.400000 0.200000 2.949215
0.420000 0.200000 2.983858
0.440000 0.200000 3.009759
0.460000 0.200000 3.026988
0.480000 0.200000 3.035591
0.500000 0.200000 3.035592
0.520000 0.200000 3.026989
0.540000 0.200000 3.009760
0.560000 0.200000 2.983860
0.580000 0.200000 2.949217
0.600000 0.200000 2.905737
0.620000 0.200000 2.853299
0.640000 0.200000 2.791752
0.660000 0.200000 2.720919
0.680000 0.200000 2.640588
0.700000 0.200000 2.550511
0.720000 0.200000 2.450403
0.740000 0.200000 2.339935
0.760000 0.200000 2.218732
0.780000 0.200000 2.086367
0.800000 0.200000 1.942358
0.820000 0.200000 1.786160
0.840000 0.200000 1.617163
0.860000 0.200000 1.434689
0.880000 0.200000 1.237985
0.900000 0.200000 1.026229
0.920000 0.200000 0.798530
0.940000 0.200000 0.553934
0.960000 0.200000 0.291438
0.980000 0.200000 0.010000

0.000000 0.180000 0.010000
0.020000 0.180000 0.281231
0.040000 0.180000 0.533628
0.060000 0.180000 0.768332
0.080000 0.180000 0.986436
0.100000 0.180000 1.188972
0.120000 0.180000 1.376889
0.140000 0.180000 1.551056
0.160000 0.180000 1.712253
0.180000 0.180000 1.861177
0.200000 0.180000 1.998444
0.220000 0.180000 2.124597
0.240000 0.180000 2.240113
0.260000 0.180000 2.345408
0.280000 0.180000 2.440844
0.300000 0.180000 2.526734
0.320000 0.180000 2.603349
0.340000 0.180000 2.670922
0.360000 0.180000 2.729650
0.380000 0.180000 2.779698
0.400000 0.180000 2.821205
0.420000 0.180000 2.854282
0.440000 0.180000 2.879015
0.460000 0.180000 2.895469
0.480000 0.180000 2.903686
0.500000 0.180000 2.903686
0.520000 0.180000 2.895470
0.540000 0.180000 2.879016
0.560000 0.180000 2.854284
0.580000 0.180000 2.821207
0.600000 0.180000 2.779701
0.620000 0.180000 2.729653
0.640000 0.180000 2.670926
0.660000 0.180000 2.603354
0.680000 0.180000 2.526739
0.700000 0.180000 2.440850
0.720000 0.180000 2.345415
0.740000 0.180000 2.240121
0.760000 0.180000 2.124606
0.780000 0.180000 1.998454
0.800000 0.180000 1.861189
0.820000 0.180000 1.712266
0.840000 0.180000 1.551071
0.860000 0.180000 1.376905
0.880000 0.180000 1.188988
0.900000 0.180000 0.986452
0.920000 0.180000 0.768346
0.940000 0.180000 0.533639
0.960000 0.180000 0.281238
0.980000 0.180000 0.010000

0.000000 0.160000 0.010000
0.020000 0.160000 0.269864
0.040000 0.160000 0.511023
0.060000 0.160000 0.734743
0.080000 0.160000 0.942225
0.100000 0.160000 1.134589
0.120000 0.160000 1.312854
0.140000 0.160000 1.477932
0.160000 0.160000 1.630632
0.180000 0.160000 1.771663
0.200000 0.160000 1.901643
0.220000 0.160000 2.021108
0.240000 0.160000 2.130520
0.260000 0.160000 2.230279
0.280000 0.160000 2.320727
0.300000 0.160000 2.402160
0.320000 0.160000 2.474826
0.340000 0.160000 2.538941
0.360000 0.160000 2.594683
0.380000 0.160000 2.642204
0.400000 0.160000 2.681626
0.420000 0.160000 2.713049
0.440000 0.160000 2.736551
0.460000 0.160000 2.752188
0.480000 0.160000 2.759997
0.500000 0.160000 2.759997
0.520000 0.160000 2.752188
0.540000 0.160000 2.736552
0.560000 0.160000 2.713051
0.580000 0.160000 2.681628
0.600000 0.160000 2.642206
0.620000 0.160000 2.594687
0.640000 0.160000 2.538945
0.660000 0.160000 2.474831
0.680000 0.160000 2.402165
0.700000 0.160000 2.320734
0.720000 0.160000 2.230286
0.740000 0.160000 2.130528
0.760000 0.160000 2.021117
0.780000 0.160000 1.901654
0.800000 0.160000 1.771676
0.820000 0.160000 1.630647
0.840000 0.160000 1.477948
0.860000 0.160000 1.312872
0.880000 0.160000 1.134609
0.900000 0.160000 0.942245
0.920000 0.160000 0.734762
0.940000 0.160000 0.511039
0.960000 0.160000 0.269873
0.980000 0.160000 0.010001

0.000000 0.140000 0.010001
0.020000 0.140000 0.257201
0.040000 0.140000 0.485858
0.060000 0.140000 0.697390
0.080000 0.140000 0.893132
0.100000 0.140000 1.074306
0.120000 0.140000 1.242004
0.140000 0.140000 1.397185
0.160000 0.140000 1.540679
0.180000 0.140000 1.673200
0.200000 0.140000 1.795358
0.220000 0.140000 1.907671
0.240000 0.140000 2.010580
0.260000 0.140000 2.104460
0.280000 0.140000 2.189628
0.300000 0.140000 2.266351
0.320000 0.140000 2.334856
0.340000 0.140000 2.395332
0.360000 0.140000 2.447939
0.380000 0.140000 2.492808
0.400000 0.140000 2.530045
0.420000 0.140000 2.559737
0.440000 0.140000 2.581951
0.460000 0.140000 2.596733
0.480000 0.140000 2.604117
0.500000 0.140000 2.604117
0.520000 0.140000 2.596734
0.540000 0.140000 2.581952
0.560000 0.140000 2.559739
0.580000 0.140000 2.530047
0.600000 0.140000 2.492810
0.620000 0.140000 2.447942
0.640000 0.140000 2.395336
0.660000 0.140000 2.334860
0.680000 0.140000 2.266356
0.700000 0.140000 2.189634
0.720000 0.140000 2.104467
0.740000 0.140000 2.010589
0.760000 0.140000 1.907681
0.780000 0.140000 1.795370
0.800000 0.140000 1.673214
0.820000 0.140000 1.540696
0.840000 0.140000 1.397204
0.860000 0.140000 1.242026
0.880000 0.140000 1.074331
0.900000 0.140000 0.893159
0.920000 0.140000 0.697417
0.940000 0.140000 0.485882
0.960000 0.140000 0.257216
0.980000 0.140000 0.010002

0.000000 0.120000 0.010002
0.020000 0.120000 0.243081
0.040000 0.120000 0.457819
0.060000 0.120000 0.655828
0.080000 0.120000 0.838607
0.100000 0.120000 1.007499
0.120000 0.120000 1.163672
0.140000 0.120000 1.308125
0.160000 0.120000 1.441700
0.180000 0.120000 1.565101
0.200000 0.120000 1.678917
0.220000 0.120000 1.783637
0.240000 0.120000 1.879670
0.260000 0.120000 1.967354
0.280000 0.120000 2.046972
0.300000 0.120000 2.118760
0.320000 0.120000 2.182913
0.340000 0.120000 2.239593
0.360000 0.120000 2.288933
0.380000 0.120000 2.331042
0.400000 0.120000 2.366010
0.420000 0.120000 2.393905
0.440000 0.120000 2.414781
0.460000 0.120000 2.428678
0.480000 0.120000 2.435620
0.500000 0.120000 2.435621
0.520000 0.120000 2.428679
0.540000 0.120000 2.414782
0.560000 0.120000 2.393906
0.580000 0.120000 2.366012
0.600000 0.120000 2.331045
0.620000 0.120000 2.288936
0.640000 0.120000 2.239596
0.660000 0.120000 2.182917
0.680000 0.120000 2.118765
0.700000 0.120000 2.046978
0.720000 0.120000 1.967361
0.740000 0.120000 1.879678
0.760000 0.120000 1.783648
0.780000 0.120000 1.678929
0.800000 0.120000 1.565116
0.820000 0.120000 1.441718
0.840000 0.120000 1.308147
0.860000 0.120000 1.163698
0.880000 0.120000 1.007529
0.900000 0.120000 0.838642
0.920000 0.120000 0.655866
0.940000 0.120000 0.457855
0.960000 0.120000 0.243107
0.980000 0.120000 0.010007

0.000000 0.100000 0.010008
0.020000 0.100000 0.227302
0.040000 0.100000 0.426509
0.060000 0.100000 0.609496
0.080000 0.100000 0.777970
0.100000 0.100000 0.933410
0.120000 0.100000 1.077060
0.140000 0.100000 1.209943
0.160000 0.100000 1.332893
0.180000 0.100000 1.446587
0.200000 0.100000 1.551572
0.220000 0.100000 1.648292
0.240000 0.100000 1.737108
0.260000 0.100000 1.818314
0.280000 0.100000 1.892148
0.300000 0.100000 1.958805
0.320000 0.100000 2.018444
0.340000 0.100000 2.071193
0.360000 0.100000 2.117157
0.380000 0.100000 2.156419
0.400000 0.100000 2.189047
0.420000 0.100000 2.215091
0.440000 0.100000 2.234592
0.460000 0.100000 2.247578
0.480000 0.100000 2.254066
0.500000 0.100000 2.254066
0.520000 0.100000 2.247578
0.540000 0.100000 2.234593
0.560000 0.100000 2.215092
0.580000 0.100000 2.189048
0.600000 0.100000 2.156421
0.620000 0.100000 2.117159
0.640000 0.100000 2.071196
0.660000 0.100000 2.018447
0.680000 0.100000 1.958809
0.700000 0.100000 1.892153
0.720000 0.100000 1.818320
0.740000 0.100000 1.737116
0.760000 0.100000 1.648302
0.780000 0.100000 1.551584
0.800000 0.100000 1.446602
0.820000 0.100000 1.332912
0.840000 0.100000 1.209967
0.860000 0.100000 1.077089
0.880000 0.100000 0.933447
0.900000 0.100000 0.778015
0.920000 0.100000 0.609549
0.940000 0.100000 0.426565
0.960000 0.100000 0.227351
0.980000 0.100000 0.010026

0.000000 0.080000 0.010030
0.020000 0.080000 0.209611
0.040000 0.080000 0.391417
0.060000 0.080000 0.557678
0.080000 0.080000 0.710366
0.100000 0.080000 0.851112
0.120000 0.080000 0.981215
0.140000 0.080000 1.101694
0.160000 0.080000 1.213344
0.180000 0.080000 1.316782
0.200000 0.080000 1.412491
0.220000 0.080000 1.500850
0.240000 0.080000 1.582157
0.260000 0.080000 1.656645
0.280000 0.080000 1.724500
0.300000 0.080000 1.785868
0.320000 0.080000 1.840864
0.340000 0.080000 1.889579
0.360000 0.080000 1.932083
0.380000 0.080000 1.968431
0.400000 0.080000 1.998667
0.420000 0.080000 2.022821
0.440000 0.080000 2.040918
0.460000 0.080000 2.052974
0.480000 0.080000 2.058999
0.500000 0.080000 2.059000
0.520000 0.080000 2.052974
0.540000 0.080000 2.040919
0.560000 0.080000 2.022822
0.580000 0.080000 1.998668
0.600000 0.080000 1.968433
0.620000 0.080000 1.932085
0.640000 0.080000 1.889581
0.660000 0.080000 1.840867
0.680000 0.080000 1.785872
0.700000 0.080000 1.724505
0.720000 0.080000 1.656651
0.740000 0.080000 1.582164
0.760000 0.080000 1.500859
0.780000 0.080000 1.412503
0.800000 0.080000 1.316796
0.820000 0.080000 1.213362
0.840000 0.080000 1.101718
0.860000 0.080000 0.981246
0.880000 0.080000 0.851153
0.900000 0.080000 0.710421
0.920000 0.080000 0.557749
0.940000 0.080000 0.391505
0.960000 0.080000 0.209707
0.980000 0.080000 0.010093

0.000000 0.060000 0.010118
0.020000 0.060000 0.189696
0.040000 0.060000 0.351868
0.060000 0.060000 0.499432
0.080000 0.060000 0.634705
0.100000 0.060000 0.759457
0.120000 0.060000 0.874994
0.140000 0.060000 0.982275
0.160000 0.060000 1.082006
0.180000 0.060000 1.174705
0.200000 0.060000 1.260761
0.220000 0.060000 1.340461
0.240000 0.060000 1.414023
0.260000 0.060000 1.481609
0.280000 0.060000 1.543339
0.300000 0.060000 1.599303
0.320000 0.060000 1.649565
0.340000 0.060000 1.694175
0.360000 0.060000 1.733164
0.380000 0.060000 1.766556
0.400000 0.060000 1.794368
0.420000 0.060000 1.816608
0.440000 0.060000 1.833285
0.460000 0.060000 1.844401
0.480000 0.060000 1.849958
0.500000 0.060000 1.849959
0.520000 0.060000 1.844401
0.540000 0.060000 1.833285
0.560000 0.060000 1.816609
0.580000 0.060000 1.794369
0.600000 0.060000 1.766558
0.620000 0.060000 1.733166
0.640000 0.060000 1.694177
0.660000 0.060000 1.649568
0.680000 0.060000 1.599306
0.700000 0.060000 1.543343
0.720000 0.060000 1.481614
0.740000 0.060000 1.414030
0.760000 0.060000 1.340469
0.780000 0.060000 1.260771
0.800000 0.060000 1.174718
0.820000 0.060000 1.082023
0.840000 0.060000 0.982298
0.860000 0.060000 0.875025
0.880000 0.060000 0.759500
0.900000 0.060000 0.634767
0.920000 0.060000 0.499522
0.940000 0.060000 0.351999
0.960000 0.060000 0.189879
0.980000 0.060000 0.010320

0.000000 0.040000 0.010466
0.020000 0.040000 0.167188
0.040000 0.040000 0.306928
0.060000 0.040000 0.433478
0.080000 0.040000 0.549566
0.100000 0.040000 0.657015
0.120000 0.040000 0.757028
0.140000 0.040000 0.850408
0.160000 0.040000 0.937699
0.180000 0.040000 1.019273
0.200000 0.040000 1.095385
0.220000 0.040000 1.166211
0.240000 0.040000 1.231867
0.260000 0.040000 1.292429
0.280000 0.040000 1.347945
0.300000 0.040000 1.398439
0.320000 0.040000 1.443921
0.340000 0.040000 1.484391
0.360000 0.040000 1.519842
0.380000 0.040000 1.550262
0.400000 0.040000 1.575639
0.420000 0.040000 1.595960
0.440000 0.040000 1.611212
0.460000 0.040000 1.621386
0.480000 0.040000 1.626475
0.500000 0.040000 1.626475
0.520000 0.040000 1.621386
0.540000 0.040000 1.611213
0.560000 0.040000 1.595961
0.580000 0.040000 1.575640
0.600000 0.040000 1.550263
0.620000 0.040000 1.519843
0.640000 0.040000 1.484392
0.660000 0.040000 1.443923
0.680000 0.040000 1.398441
0.700000 0.040000 1.347948
0.720000 0.040000 1.292433
0.740000 0.040000 1.231872
0.760000 0.040000 1.166217
0.780000 0.040000 1.095393
0.800000 0.040000 1.019283
0.820000 0.040000 0.937713
0.840000 0.040000 0.850427
0.860000 0.040000 0.757054
0.880000 0.040000 0.657054
0.900000 0.040000 0.549625
0.920000 0.040000 0.433572
0.940000 0.040000 0.307090
0.960000 0.040000 0.167492
0.980000 0.040000 0.011041

0.000000 0.020000 0.011891
0.020000 0.020000 0.141662
0.040000 0.020000 0.255177
0.060000 0.020000 0.357986
0.080000 0.020000 0.453067
0.100000 0.020000 0.542009
0.120000 0.020000 0.625694
0.140000 0.020000 0.704629
0.160000 0.020000 0.779109
0.180000 0.020000 0.849302
0.200000 0.020000 0.915297
0.220000 0.020000 0.977130
0.240000 0.020000 1.034804
0.260000 0.020000 1.088296
0.280000 0.020000 1.137572
0.300000 0.020000 1.182586
0.320000 0.020000 1.223288
0.340000 0.020000 1.259626
0.360000 0.020000 1.291550
0.380000 0.020000 1.319012
0.400000 0.020000 1.341968
0.420000 0.020000 1.360380
0.440000 0.020000 1.374218
0.460000 0.020000 1.383457
0.480000 0.020000 1.388080
0.500000 0.020000 1.388080
0.520000 0.020000 1.383457
0.540000 0.020000 1.374218
0.560000 0.020000 1.360381
0.580000 0.020000 1.341968
0.600000 0.020000 1.319012
0.620000 0.020000 1.291551
0.640000 0.020000 1.259627
0.660000 0.020000 1.223289
0.680000 0.020000 1.182588
0.700000 0.020000 1.137574
0.720000 0.020000 1.088299
0.740000 0.020000 1.034807
0.760000 0.020000 0.977134
0.780000 0.020000 0.915302
0.800000 0.020000 0.849308
0.820000 0.020000 0.779118
0.840000 0.020000 0.704641
0.860000 0.020000 0.625712
0.880000 0.020000 0.542036
0.900000 0.020000 0.453107
0.920000 0.020000 0.358051
0.940000 0.020000 0.255296
0.960000 0.020000 0.141956
0.980000 0.020000 0.012992

0.000000 0.000000 0.017951
0.020000 0.000000 0.112392
0.040000 0.000000 0.194132
0.060000 0.000000 0.270222
0.080000 0.000000 0.342706
0.100000 0.000000 0.412261
0.120000 0.000000 0.479111
0.140000 0.000000 0.543305
0.160000 0.000000 0.604805
0.180000 0.000000 0.663529
0.200000 0.000000 0.719370
0.220000 0.000000 0.772209
0.240000 0.000000 0.821921
0.260000 0.000000 0.868380
0.280000 0.000000 0.911462
0.300000 0.000000 0.951045
0.320000 0.000000 0.987019
0.340000 0.000000 1.019276
0.360000 0.000000 1.047720
0.380000 0.000000 1.072267
0.400000 0.000000 1.092839
0.420000 0.000000 1.109375
0.440000 0.000000 1.121822
0.460000 0.000000 1.130142
0.480000 0.000000 1.134309
0.500000 0.000000 1.134309
0.520000 0.000000 1.130142
0.540000 0.000000 1.121822
0.560000 0.000000 1.109375
0.580000 0.000000 1.092839
0.600000 0.000000 1.072267
0.620000 0.000000 1.047721
0.640000 0.000000 1.019276
0.660000 0.000000 0.987019
0.680000 0.000000 0.951046
0.700000 0.000000 0.911462
0.720000 0.000000 0.868381
0.740000 0.000000 0.821922
0.760000 0.000000 0.772210
0.780000 0.000000 0.719371
0.800000 0.000000 0.663531
0.820000 0.000000 0.604808
0.840000 0.000000 0.543310
0.860000 0.000000 0.479117
0.880000 0.000000 0.412269
0.900000 0.000000 0.342717
0.920000 0.000000 0.270229
0.940000 0.000000 0.194088
0.960000 0.000000 0.112046
0.980000 0.000000 0.015969

