0.000000 0.980000 0.000000
0.020000 0.980000 0.000008
0.040000 0.980000 0.000018
0.060000 0.980000 0.000030
0.080000 0.980000 0.000042
0.100000 0.980000 0.000057
0.120000 0.980000 0.000073
0.140000 0.980000 0.000091
0.160000 0.980000 0.000111
0.180000 0.980000 0.000133
0.200000 0.980000 0.000157
0.220000 0.980000 0.000183
0.240000 0.980000 0.000211
0.260000 0.980000 0.000241
0.280000 0.980000 0.000273
0.300000 0.980000 0.000308
0.320000 0.980000 0.000344
0.340000 0.980000 0.000383
0.360000 0.980000 0.000423
0.380000 0.980000 0.000466
0.400000 0.980000 0.000510
0.420000 0.980000 0.000556
0.440000 0.980000 0.000603
0.460000 0.980000 0.000651
0.480000 0.980000 0.000700
0.500000 0.980000 0.000750
0.520000 0.980000 0.000800
0.540000 0.980000 0.000850
0.560000 0.980000 0.000899
0.580000 0.980000 0.000947
0.600000 0.980000 0.000993
0.620000 0.980000 0.001037
0.640000 0.980000 0.001078
0.660000 0.980000 0.001115
0.680000 0.980000 0.001147
0.700000 0.980000 0.001174
0.720000 0.980000 0.001193
0.740000 0.980000 0.001204
0.760000 0.980000 0.001206
0.780000 0.980000 0.001196
0.800000 0.980000 0.001173
0.820000 0.980000 0.001136
0.840000 0.980000 0.001082
0.860000 0.980000 0.001008
0.880000 0.980000 0.000913
0.900000 0.980000 0.000793
0.920000 0.980000 0.000645
0.940000 0.980000 0.000466
0.960000 0.980000 0.000253
0.980000 0.980000 0.000000

0.000000 0.960000 0.000000
0.020000 0.960000 0.000026
0.040000 0.960000 0.000055
0.060000 0.960000 0.000089
0.080000 0.960000 0.000128
0.100000 0.960000 0.000171
0.120000 0.960000 0.000220
0.140000 0.960000 0.000274
0.160000 0.960000 0.000334
0.180000 0.960000 0.000400
0.200000 0.960000 0.000472
0.220000 0.960000 0.000550
0.240000 0.960000 0.000634
0.260000 0.960000 0.000725
0.280000 0.960000 0.000823
0.300000 0.960000 0.000926
0.320000 0.960000 0.001036
0.340000 0.960000 0.001153
0.360000 0.960000 0.001275
0.380000 0.960000 0.001403
0.400000 0.960000 0.001535
0.420000 0.960000 0.001673
0.440000 0.960000 0.001815
0.460000 0.960000 0.001960
0.480000 0.960000 0.002108
0.500000 0.960000 0.002258
0.520000 0.960000 0.002409
0.540000 0.960000 0.002558
0.560000 0.960000 0.002706
0.580000 0.960000 0.002851
0.600000 0.960000 0.002990
0.620000 0.960000 0.003123
0.640000 0.960000 0.003246
0.660000 0.960000 0.003357
0.680000 0.960000 0.003453
0.700000 0.960000 0.003532
0.720000 0.960000 0.003590
0.740000 0.960000 0.003624
0.760000 0.960000 0.003628
0.780000 0.960000 0.003599
0.800000 0.960000 0.003531
0.820000 0.960000 0.003418
0.840000 0.960000 0.003254
0.860000 0.960000 0.003033
0.880000 0.960000 0.002746
0.900000 0.960000 0.002385
0.920000 0.960000 0.001941
0.940000 0.960000 0.001403
0.960000 0.960000 0.000760
0.980000 0.960000 0.000000

0.000000 0.940000 0.000000
0.020000 0.940000 0.000043
0.040000 0.940000 0.000093
0.060000 0.940000 0.000150
0.080000 0.940000 0.000215
0.100000 0.940000 0.000288
0.120000 0.940000 0.000370
0.140000 0.940000 0.000461
0.160000 0.940000 0.000562
0.180000 0.940000 0.000672
0.200000 0.940000 0.000793
0.220000 0.940000 0.000924
0.240000 0.940000 0.001066
0.260000 0.940000 0.001219
0.280000 0.940000 0.001382
0.300000 0.940000 0.001556
0.320000 0.940000 0.001741
0.340000 0.940000 0.001936
0.360000 0.940000 0.002141
0.380000 0.940000 0.002356
0.400000 0.940000 0.002579
0.420000 0.940000 0.002810
0.440000 0.940000 0.003048
0.460000 0.940000 0.003291
0.480000 0.940000 0.003539
0.500000 0.940000 0.003790
0.520000 0.940000 0.004043
0.540000 0.940000 0.004294
0.560000 0.940000 0.004542
0.580000 0.940000 0.004784
0.600000 0.940000 0.005018
0.620000 0.940000 0.005239
0.640000 0.940000 0.005445
0.660000 0.940000 0.005631
0.680000 0.940000 0.005792
0.700000 0.940000 0.005924
0.720000 0.940000 0.006021
0.740000 0.940000 0.006077
0.760000 0.940000 0.006084
0.780000 0.940000 0.006034
0.800000 0.940000 0.005920
0.820000 0.940000 0.005731
0.840000 0.940000 0.005456
0.860000 0.940000 0.005085
0.880000 0.940000 0.004604
0.900000 0.940000 0.003999
0.920000 0.940000 0.003254
0.940000 0.940000 0.002352
0.960000 0.940000 0.001274
0.980000 0.940000 0.000000

0.000000 0.920000 0.000000
0.020000 0.920000 0.000061
0.040000 0.920000 0.000132
0.060000 0.920000 0.000213
0.080000 0.920000 0.000305
0.100000 0.920000 0.000408
0.120000 0.920000 0.000525
0.140000 0.920000 0.000654
0.160000 0.920000 0.000796
0.180000 0.920000 0.000953
0.200000 0.920000 0.001124
0.220000 0.920000 0.001310
0.240000 0.920000 0.001511
0.260000 0.920000 0.001727
0.280000 0.920000 0.001959
0.300000 0.920000 0.002205
0.320000 0.920000 0.002467
0.340000 0.920000 0.002743
0.360000 0.920000 0.003033
0.380000 0.920000 0.003336
0.400000 0.920000 0.003651
0.420000 0.920000 0.003978
0.440000 0.920000 0.004314
0.460000 0.920000 0.004658
0.480000 0.920000 0.005009
0.500000 0.920000 0.005364
0.520000 0.920000 0.005720
0.540000 0.920000 0.006074
0.560000 0.920000 0.006424
0.580000 0.920000 0.006766
0.600000 0.920000 0.007095
0.620000 0.920000 0.007407
0.640000 0.920000 0.007697
0.660000 0.920000 0.007959
0.680000 0.920000 0.008187
0.700000 0.920000 0.008373
0.720000 0.920000 0.008509
0.740000 0.920000 0.008586
0.760000 0.920000 0.008595
0.780000 0.920000 0.008525
0.800000 0.920000 0.008362
0.820000 0.920000 0.008094
0.840000 0.920000 0.007707
0.860000 0.920000 0.007182
0.880000 0.920000 0.006502
0.900000 0.920000 0.005647
0.920000 0.920000 0.004595
0.940000 0.920000 0.003321
0.960000 0.920000 0.001799
0.980000 0.920000 0.000000

0.000000 0.900000 0.000000
0.020000 0.900000 0.000080
0.040000 0.900000 0.000172
0.060000 0.900000 0.000278
0.080000 0.900000 0.000398
0.100000 0.900000 0.000534
0.120000 0.900000 0.000686
0.140000 0.900000 0.000855
0.160000 0.900000 0.001041
0.180000 0.900000 0.001246
0.200000 0.900000 0.001469
0.220000 0.900000 0.001712
0.240000 0.900000 0.001975
0.260000 0.900000 0.002257
0.280000 0.900000 0.002559
0.300000 0.900000 0.002881
0.320000 0.900000 0.003222
0.340000 0.900000 0.003582
0.360000 0.900000 0.003960
0.380000 0.900000 0.004355
0.400000 0.900000 0.004766
0.420000 0.900000 0.005191
0.440000 0.900000 0.005629
0.460000 0.900000 0.006077
0.480000 0.900000 0.006533
0.500000 0.900000 0.006994
0.520000 0.900000 0.007457
0.540000 0.900000 0.007918
0.560000 0.900000 0.008373
0.580000 0.900000 0.008817
0.600000 0.900000 0.009244
0.620000 0.900000 0.009650
0.640000 0.900000 0.010026
0.660000 0.900000 0.010365
0.680000 0.900000 0.010660
0.700000 0.900000 0.010900
0.720000 0.900000 0.011076
0.740000 0.900000 0.011175
0.760000 0.900000 0.011186
0.780000 0.900000 0.011092
0.800000 0.900000 0.010880
0.820000 0.900000 0.010531
0.840000 0.900000 0.010025
0.860000 0.900000 0.009342
0.880000 0.900000 0.008457
0.900000 0.900000 0.007345
0.920000 0.900000 0.005976
0.940000 0.900000 0.004319
0.960000 0.900000 0.002340
0.980000 0.900000 0.000000

0.000000 0.880000 0.000000
0.020000 0.880000 0.000100
0.040000 0.880000 0.000215
0.060000 0.880000 0.000347
0.080000 0.880000 0.000497
0.100000 0.880000 0.000667
0.120000 0.880000 0.000856
0.140000 0.880000 0.001067
0.160000 0.880000 0.001299
0.180000 0.880000 0.001554
0.200000 0.880000 0.001833
0.220000 0.880000 0.002136
0.240000 0.880000 0.002463
0.260000 0.880000 0.002814
0.280000 0.880000 0.003190
0.300000 0.880000 0.003591
0.320000 0.880000 0.004015
0.340000 0.880000 0.004463
0.360000 0.880000 0.004933
0.380000 0.880000 0.005424
0.400000 0.880000 0.005935
0.420000 0.880000 0.006463
0.440000 0.880000 0.007006
0.460000 0.880000 0.007563
0.480000 0.880000 0.008128
0.500000 0.880000 0.008700
0.520000 0.880000 0.009274
0.540000 0.880000 0.009845
0.560000 0.880000 0.010408
0.580000 0.880000 0.010958
0.600000 0.880000 0.011487
0.620000 0.880000 0.011988
0.640000 0.880000 0.012452
0.660000 0.880000 0.012871
0.680000 0.880000 0.013235
0.700000 0.880000 0.013531
0.720000 0.880000 0.013746
0.740000 0.880000 0.013867
0.760000 0.880000 0.013878
0.780000 0.880000 0.013760
0.800000 0.880000 0.013495
0.820000 0.880000 0.013060
0.840000 0.880000 0.012432
0.860000 0.880000 0.011584
0.880000 0.880000 0.010486
0.900000 0.880000 0.009106
0.920000 0.880000 0.007408
0.940000 0.880000 0.005354
0.960000 0.880000 0.002900
0.980000 0.880000 0.000000

0.000000 0.860000 0.000000
0.020000 0.860000 0.000121
0.040000 0.860000 0.000260
0.060000 0.860000 0.000421
0.080000 0.860000 0.000603
0.100000 0.860000 0.000808
0.120000 0.860000 0.001037
0.140000 0.860000 0.001292
0.160000 0.860000 0.001574
0.180000 0.860000 0.001883
0.200000 0.860000 0.002220
0.220000 0.860000 0.002586
0.240000 0.860000 0.002982
0.260000 0.860000 0.003407
0.280000 0.860000 0.003861
0.300000 0.860000 0.004345
0.320000 0.860000 0.004857
0.340000 0.860000 0.005397
0.360000 0.860000 0.005964
0.380000 0.860000 0.006556
0.400000 0.860000 0.007171
0.420000 0.860000 0.007808
0.440000 0.860000 0.008462
0.460000 0.860000 0.009132
0.480000 0.860000 0.009812
0.500000 0.860000 0.010500
0.520000 0.860000 0.011189
0.540000 0.860000 0.011875
0.560000 0.860000 0.012551
0.580000 0.860000 0.013210
0.600000 0.860000 0.013844
0.620000 0.860000 0.014444
0.640000 0.860000 0.015000
0.660000 0.860000 0.015502
0.680000 0.860000 0.015936
0.700000 0.860000 0.016289
0.720000 0.860000 0.016545
0.740000 0.860000 0.016687
0.760000 0.860000 0.016697
0.780000 0.860000 0.016553
0.800000 0.860000 0.016231
0.820000 0.860000 0.015706
0.840000 0.860000 0.014948
0.860000 0.860000 0.013927
0.880000 0.860000 0.012605
0.900000 0.860000 0.010946
0.920000 0.860000 0.008905
0.940000 0.860000 0.006435
0.960000 0.860000 0.003486
0.980000 0.860000 0.000000

0.000000 0.840000 0.000000
0.020000 0.840000 0.000143
0.040000 0.840000 0.000309
0.060000 0.840000 0.000500
0.080000 0.840000 0.000716
0.100000 0.840000 0.000960
0.120000 0.840000 0.001232
0.140000 0.840000 0.001535
0.160000 0.840000 0.001869
0.180000 0.840000 0.002235
0.200000 0.840000 0.002635
0.220000 0.840000 0.003069
0.240000 0.840000 0.003538
0.260000 0.840000 0.004041
0.280000 0.840000 0.004579
0.300000 0.840000 0.005151
0.320000 0.840000 0.005757
0.340000 0.840000 0.006396
0.360000 0.840000 0.007065
0.380000 0.840000 0.007764
0.400000 0.840000 0.008491
0.420000 0.840000 0.009241
0.440000 0.840000 0.010013
0.460000 0.840000 0.010801
0.480000 0.840000 0.011603
0.500000 0.840000 0.012412
0.520000 0.840000 0.013223
0.540000 0.840000 0.014029
0.560000 0.840000 0.014823
0.580000 0.840000 0.015596
0.600000 0.840000 0.016340
0.620000 0.840000 0.017043
0.640000 0.840000 0.017695
0.660000 0.840000 0.018281
0.680000 0.840000 0.018788
0.700000 0.840000 0.019199
0.720000 0.840000 0.019496
0.740000 0.840000 0.019660
0.760000 0.840000 0.019667
0.780000 0.840000 0.019493
0.800000 0.840000 0.019111
0.820000 0.840000 0.018489
0.840000 0.840000 0.017595
0.860000 0.840000 0.016390
0.880000 0.840000 0.014834
0.900000 0.840000 0.012880
0.920000 0.840000 0.010477
0.940000 0.840000 0.007571
0.960000 0.840000 0.004101
0.980000 0.840000 0.000000

0.000000 0.820000 0.000000
0.020000 0.820000 0.000168
0.040000 0.820000 0.000363
0.060000 0.820000 0.000586
0.080000 0.820000 0.000839
0.100000 0.820000 0.001124
0.120000 0.820000 0.001443
0.140000 0.820000 0.001797
0.160000 0.820000 0.002188
0.180000 0.820000 0.002616
0.200000 0.820000 0.003084
0.220000 0.820000 0.003591
0.240000 0.820000 0.004138
0.260000 0.820000 0.004725
0.280000 0.820000 0.005353
0.300000 0.820000 0.006020
0.320000 0.820000 0.006726
0.340000 0.820000 0.007470
0.360000 0.820000 0.008250
0.380000 0.820000 0.009063
0.400000 0.820000 0.009907
0.420000 0.820000 0.010779
0.440000 0.820000 0.011675
0.460000 0.820000 0.012590
0.480000 0.820000 0.013519
0.500000 0.820000 0.014457
0.520000 0.820000 0.015396
0.540000 0.820000 0.016329
0.560000 0.820000 0.017247
0.580000 0.820000 0.018140
0.600000 0.820000 0.018999
0.620000 0.820000 0.019810
0.640000 0.820000 0.020561
0.660000 0.820000 0.021236
0.680000 0.820000 0.021818
0.700000 0.820000 0.022289
0.720000 0.820000 0.022627
0.740000 0.820000 0.022811
0.760000 0.820000 0.022814
0.780000 0.820000 0.022607
0.800000 0.820000 0.022159
0.820000 0.820000 0.021435
0.840000 0.820000 0.020395
0.860000 0.820000 0.018995
0.880000 0.820000 0.017189
0.900000 0.820000 0.014923
0.920000 0.820000 0.012138
0.940000 0.820000 0.008771
0.960000 0.820000 0.004751
0.980000 0.820000 0.000000

0.000000 0.800000 0.000000
0.020000 0.800000 0.000195
0.040000 0.800000 0.000420
0.060000 0.800000 0.000679
0.080000 0.800000 0.000973
0.100000 0.800000 0.001303
0.120000 0.800000 0.001673
0.140000 0.800000 0.002083
0.160000 0.800000 0.002535
0.180000 0.800000 0.003031
0.200000 0.800000 0.003572
0.220000 0.800000 0.004158
0.240000 0.800000 0.004790
0.260000 0.800000 0.005469
0.280000 0.800000 0.006193
0.300000 0.800000 0.006963
0.320000 0.800000 0.007777
0.340000 0.800000 0.008634
0.360000 0.800000 0.009531
0.380000 0.800000 0.010467
0.400000 0.800000 0.011437
0.420000 0.800000 0.012439
0.440000 0.800000 0.013468
0.460000 0.800000 0.014517
0.480000 0.800000 0.015583
0.500000 0.800000 0.016657
0.520000 0.800000 0.017731
0.540000 0.800000 0.018798
0.560000 0.800000 0.019847
0.580000 0.800000 0.020868
0.600000 0.800000 0.021847
0.620000 0.800000 0.022771
0.640000 0.800000 0.023626
0.660000 0.800000 0.024392
0.680000 0.800000 0.025052
0.700000 0.800000 0.025585
0.720000 0.800000 0.025966
0.740000 0.800000 0.026169
0.760000 0.800000 0.026165
0.780000 0.800000 0.025921
0.800000 0.800000 0.025402
0.820000 0.800000 0.024566
0.840000 0.800000 0.023369
0.860000 0.800000 0.021762
0.880000 0.800000 0.019690
0.900000 0.800000 0.017092
0.920000 0.800000 0.013902
0.940000 0.800000 0.010045
0.960000 0.800000 0.005440
0.980000 0.800000 0.000000

0.000000 0.780000 0.000000
0.020000 0.780000 0.000224
0.040000 0.780000 0.000484
0.060000 0.780000 0.000782
0.080000 0.780000 0.001119
0.100000 0.780000 0.001500
0.120000 0.780000 0.001924
0.140000 0.780000 0.002396
0.160000 0.780000 0.002916
0.180000 0.780000 0.003485
0.200000 0.780000 0.004106
0.220000 0.780000 0.004778
0.240000 0.780000 0.005503
0.260000 0.780000 0.006280
0.280000 0.780000 0.007110
0.300000 0.780000 0.007991
0.320000 0.780000 0.008921
0.340000 0.780000 0.009900
0.360000 0.780000 0.010925
0.380000 0.780000 0.011993
0.400000 0.780000 0.013099
0.420000 0.780000 0.014240
0.440000 0.780000 0.015411
0.460000 0.780000 0.016605
0.480000 0.780000 0.017815
0.500000 0.780000 0.019035
0.520000 0.780000 0.020254
0.540000 0.780000 0.021463
0.560000 0.780000 0.022651
0.580000 0.780000 0.023805
0.600000 0.780000 0.024912
0.620000 0.780000 0.025955
0.640000 0.780000 0.026918
0.660000 0.780000 0.027780
0.680000 0.780000 0.028521
0.700000 0.780000 0.029117
0.720000 0.780000 0.029540
0.740000 0.780000 0.029762
0.760000 0.780000 0.029748
0.780000 0.780000 0.029463
0.800000 0.780000 0.028865
0.820000 0.780000 0.027908
0.840000 0.780000 0.026543
0.860000 0.780000 0.024714
0.880000 0.780000 0.022357
0.900000 0.780000 0.019405
0.920000 0.780000 0.015781
0.940000 0.780000 0.011402
0.960000 0.780000 0.006175
0.980000 0.780000 0.000000

0.000000 0.760000 0.000000
0.020000 0.760000 0.000257
0.040000 0.760000 0.000554
0.060000 0.760000 0.000895
0.080000 0.760000 0.001281
0.100000 0.760000 0.001716
0.120000 0.760000 0.002202
0.140000 0.760000 0.002741
0.160000 0.760000 0.003334
0.180000 0.760000 0.003985
0.200000 0.760000 0.004693
0.220000 0.760000 0.005460
0.240000 0.760000 0.006286
0.260000 0.760000 0.007171
0.280000 0.760000 0.008115
0.300000 0.760000 0.009117
0.320000 0.760000 0.010174
0.340000 0.760000 0.011286
0.360000 0.760000 0.012448
0.380000 0.760000 0.013659
0.400000 0.760000 0.014912
0.420000 0.760000 0.016203
0.440000 0.760000 0.017526
0.460000 0.760000 0.018875
0.480000 0.760000 0.020241
0.500000 0.760000 0.021616
0.520000 0.760000 0.022989
0.540000 0.760000 0.024350
0.560000 0.760000 0.025685
0.580000 0.760000 0.026981
0.600000 0.760000 0.028222
0.620000 0.760000 0.029391
0.640000 0.760000 0.030467
0.660000 0.760000 0.031430
0.680000 0.760000 0.032255
0.700000 0.760000 0.032916
0.720000 0.760000 0.033382
0.740000 0.760000 0.033620
0.760000 0.760000 0.033593
0.780000 0.760000 0.033261
0.800000 0.760000 0.032576
0.820000 0.760000 0.031489
0.840000 0.760000 0.029942
0.860000 0.760000 0.027872
0.880000 0.760000 0.025210
0.900000 0.760000 0.021878
0.920000 0.760000 0.017790
0.940000 0.760000 0.012852
0.960000 0.760000 0.006960
0.980000 0.760000 0.000000

0.000000 0.740000 0.000000
0.020000 0.740000 0.000293
0.040000 0.740000 0.000632
0.060000 0.740000 0.001020
0.080000 0.740000 0.001460
0.100000 0.740000 0.001955
0.120000 0.740000 0.002509
0.140000 0.740000 0.003122
0.160000 0.740000 0.003797
0.180000 0.740000 0.004536
0.200000 0.740000 0.005341
0.220000 0.740000 0.006212
0.240000 0.740000 0.007149
0.260000 0.740000 0.008152
0.280000 0.740000 0.009221
0.300000 0.740000 0.010355
0.320000 0.740000 0.011551
0.340000 0.740000 0.012807
0.360000 0.740000 0.014119
0.380000 0.740000 0.015484
0.400000 0.740000 0.016896
0.420000 0.740000 0.018350
0.440000 0.740000 0.019838
0.460000 0.740000 0.021353
0.480000 0.740000 0.022887
0.500000 0.740000 0.024428
0.520000 0.740000 0.025966
0.540000 0.740000 0.027488
0.560000 0.740000 0.028980
0.580000 0.740000 0.030427
0.600000 0.740000 0.031810
0.620000 0.740000 0.033111
0.640000 0.740000 0.034307
0.660000 0.740000 0.035375
0.680000 0.740000 0.036287
0.700000 0.740000 0.037014
0.720000 0.740000 0.037522
0.740000 0.740000 0.037775
0.760000 0.740000 0.037732
0.780000 0.740000 0.037345
0.800000 0.740000 0.036565
0.820000 0.740000 0.035334
0.840000 0.740000 0.033590
0.860000 0.740000 0.031261
0.880000 0.740000 0.028270
0.900000 0.740000 0.024529
0.920000 0.740000 0.019944
0.940000 0.740000 0.014407
0.960000 0.740000 0.007802
0.980000 0.740000 0.000000

0.000000 0.720000 0.000000
0.020000 0.720000 0.000333
0.040000 0.720000 0.000718
0.060000 0.720000 0.001159
0.080000 0.720000 0.001659
0.100000 0.720000 0.002221
0.120000 0.720000 0.002849
0.140000 0.720000 0.003545
0.160000 0.720000 0.004310
0.180000 0.720000 0.005148
0.200000 0.720000 0.006059
0.220000 0.720000 0.007044
0.240000 0.720000 0.008103
0.260000 0.720000 0.009237
0.280000 0.720000 0.010443
0.300000 0.720000 0.011722
0.320000 0.720000 0.013069
0.340000 0.720000 0.014483
0.360000 0.720000 0.015958
0.380000 0.720000 0.017491
0.400000 0.720000 0.019076
0.420000 0.720000 0.020705
0.440000 0.720000 0.022372
0.460000 0.720000 0.024066
0.480000 0.720000 0.025780
0.500000 0.720000 0.027500
0.520000 0.720000 0.029214
0.540000 0.720000 0.030909
0.560000 0.720000 0.032568
0.580000 0.720000 0.034175
0.600000 0.720000 0.035709
0.620000 0.720000 0.037149
0.640000 0.720000 0.038471
0.660000 0.720000 0.039648
0.680000 0.720000 0.040650
0.700000 0.720000 0.041445
0.720000 0.720000 0.041996
0.740000 0.720000 0.042261
0.760000 0.720000 0.042195
0.780000 0.720000 0.041748
0.800000 0.720000 0.040862
0.820000 0.720000 0.039474
0.840000 0.720000 0.037515
0.860000 0.720000 0.034905
0.880000 0.720000 0.031559
0.900000 0.720000 0.027379
0.920000 0.720000 0.022257
0.940000 0.720000 0.016077
0.960000 0.720000 0.008706
0.980000 0.720000 0.000000

0.000000 0.700000 0.000000
0.020000 0.700000 0.000377
0.040000 0.700000 0.000814
0.060000 0.700000 0.001314
0.080000 0.700000 0.001880
0.100000 0.700000 0.002518
0.120000 0.700000 0.003228
0.140000 0.700000 0.004015
0.160000 0.700000 0.004881
0.180000 0.700000 0.005828
0.200000 0.700000 0.006857
0.220000 0.700000 0.007968
0.240000 0.700000 0.009162
0.260000 0.700000 0.010439
0.280000 0.700000 0.011797
0.300000 0.700000 0.013234
0.320000 0.700000 0.014748
0.340000 0.700000 0.016334
0.360000 0.700000 0.017987
0.380000 0.700000 0.019704
0.400000 0.700000 0.021476
0.420000 0.700000 0.023296
0.440000 0.700000 0.025155
0.460000 0.700000 0.027044
0.480000 0.700000 0.028951
0.500000 0.700000 0.030864
0.520000 0.700000 0.032768
0.540000 0.700000 0.034647
0.560000 0.700000 0.036485
0.580000 0.700000 0.038261
0.600000 0.700000 0.039955
0.620000 0.700000 0.041542
0.640000 0.700000 0.042996
0.660000 0.700000 0.044287
0.680000 0.700000 0.045382
0.700000 0.700000 0.046246
0.720000 0.700000 0.046838
0.740000 0.700000 0.047112
0.760000 0.700000 0.047019
0.780000 0.700000 0.046502
0.800000 0.700000 0.045498
0.820000 0.700000 0.043939
0.840000 0.700000 0.041745
0.860000 0.700000 0.038831
0.880000 0.700000 0.035100
0.900000 0.700000 0.030445
0.920000 0.700000 0.024747
0.940000 0.700000 0.017873
0.960000 0.700000 0.009678
0.980000 0.700000 0.000000

0.000000 0.680000 0.000000
0.020000 0.680000 0.000427
0.040000 0.680000 0.000921
0.060000 0.680000 0.001487
0.080000 0.680000 0.002128
0.100000 0.680000 0.002849
0.120000 0.680000 0.003652
0.140000 0.680000 0.004541
0.160000 0.680000 0.005518
0.180000 0.680000 0.006586
0.200000 0.680000 0.007745
0.220000 0.680000 0.008997
0.240000 0.680000 0.010340
0.260000 0.680000 0.011775
0.280000 0.680000 0.013300
0.300000 0.680000 0.014912
0.320000 0.680000 0.016608
0.340000 0.680000 0.018383
0.360000 0.680000 0.020232
0.380000 0.680000 0.022148
0.400000 0.680000 0.024124
0.420000 0.680000 0.026152
0.440000 0.680000 0.028221
0.460000 0.680000 0.030319
0.480000 0.680000 0.032435
0.500000 0.680000 0.034555
0.520000 0.680000 0.036662
0.540000 0.680000 0.038739
0.560000 0.680000 0.040767
0.580000 0.680000 0.042724
0.600000 0.680000 0.044587
0.620000 0.680000 0.046329
0.640000 0.680000 0.047921
0.660000 0.680000 0.049331
0.680000 0.680000 0.050523
0.700000 0.680000 0.051456
0.720000 0.680000 0.052088
0.740000 0.680000 0.052367
0.760000 0.680000 0.052239
0.780000 0.680000 0.051642
0.800000 0.680000 0.050508
0.820000 0.680000 0.048759
0.840000 0.680000 0.046310
0.860000 0.680000 0.043065
0.880000 0.680000 0.038918
0.900000 0.680000 0.033750
0.920000 0.680000 0.027429
0.940000 0.680000 0.019808
0.960000 0.680000 0.010725
0.980000 0.680000 0.000000

0.000000 0.660000 0.000000
0.020000 0.660000 0.000483
0.040000 0.660000 0.001042
0.060000 0.660000 0.001681
0.080000 0.660000 0.002406
0.100000 0.660000 0.003219
0.120000 0.660000 0.004126
0.140000 0.660000 0.005129
0.160000 0.660000 0.006230
0.180000 0.660000 0.007433
0.200000 0.660000 0.008737
0.220000 0.660000 0.010144
0.240000 0.660000 0.011654
0.260000 0.660000 0.013264
0.280000 0.660000 0.014973
0.300000 0.660000 0.016777
0.320000 0.660000 0.018673
0.340000 0.660000 0.020656
0.360000 0.660000 0.022718
0.380000 0.660000 0.024854
0.400000 0.660000 0.027053
0.420000 0.660000 0.029306
0.440000 0.660000 0.031601
0.460000 0.660000 0.033927
0.480000 0.660000 0.036269
0.500000 0.660000 0.038611
0.520000 0.660000 0.040936
0.540000 0.660000 0.043225
0.560000 0.660000 0.045455
0.580000 0.660000 0.047604
0.600000 0.660000 0.049646
0.620000 0.660000 0.051551
0.640000 0.660000 0.053288
0.660000 0.660000 0.054822
0.680000 0.660000 0.056112
0.700000 0.660000 0.057116
0.720000 0.660000 0.057784
0.740000 0.660000 0.058064
0.760000 0.660000 0.057893
0.780000 0.660000 0.057206
0.800000 0.660000 0.055925
0.820000 0.660000 0.053968
0.840000 0.660000 0.051240
0.860000 0.660000 0.047635
0.880000 0.660000 0.043037
0.900000 0.660000 0.037314
0.920000 0.660000 0.030320
0.940000 0.660000 0.021893
0.960000 0.660000 0.011853
0.980000 0.660000 0.000000

0.000000 0.640000 0.000000
0.020000 0.640000 0.000546
0.040000 0.640000 0.001177
0.060000 0.640000 0.001899
0.080000 0.640000 0.002717
0.100000 0.640000 0.003635
0.120000 0.640000 0.004658
0.140000 0.640000 0.005788
0.160000 0.640000 0.007028
0.180000 0.640000 0.008381
0.200000 0.640000 0.009847
0.220000 0.640000 0.011427
0.240000 0.640000 0.013120
0.260000 0.640000 0.014924
0.280000 0.640000 0.016837
0.300000 0.640000 0.018854
0.320000 0.640000 0.020971
0.340000 0.640000 0.023182
0.360000 0.640000 0.025478
0.380000 0.640000 0.027853
0.400000 0.640000 0.030295
0.420000 0.640000 0.032793
0.440000 0.640000 0.035336
0.460000 0.640000 0.037907
0.480000 0.640000 0.040493
0.500000 0.640000 0.043075
0.520000 0.640000 0.045634
0.540000 0.640000 0.048148
0.560000 0.640000 0.050595
0.580000 0.640000 0.052948
0.600000 0.640000 0.055178
0.620000 0.640000 0.057255
0.640000 0.640000 0.059143
0.660000 0.640000 0.060804
0.680000 0.640000 0.062195
0.700000 0.640000 0.063268
0.720000 0.640000 0.063971
0.740000 0.640000 0.064244
0.760000 0.640000 0.064022
0.780000 0.640000 0.063230
0.800000 0.640000 0.061787
0.820000 0.640000 0.059600
0.840000 0.640000 0.056566
0.860000 0.640000 0.052570
0.880000 0.640000 0.047482
0.900000 0.640000 0.041159
0.920000 0.640000 0.033438
0.940000 0.640000 0.024142
0.960000 0.640000 0.013069
0.980000 0.640000 0.000000

0.000000 0.620000 0.000000
0.020000 0.620000 0.000616
0.040000 0.620000 0.001329
0.060000 0.620000 0.002144
0.080000 0.620000 0.003067
0.100000 0.620000 0.004103
0.120000 0.620000 0.005255
0.140000 0.620000 0.006528
0.160000 0.620000 0.007924
0.180000 0.620000 0.009445
0.200000 0.620000 0.011091
0.220000 0.620000 0.012864
0.240000 0.620000 0.014761
0.260000 0.620000 0.016780
0.280000 0.620000 0.018918
0.300000 0.620000 0.021170
0.320000 0.620000 0.023531
0.340000 0.620000 0.025992
0.360000 0.620000 0.028546
0.380000 0.620000 0.031182
0.400000 0.620000 0.033889
0.420000 0.620000 0.036655
0.440000 0.620000 0.039465
0.460000 0.620000 0.042303
0.480000 0.620000 0.045151
0.500000 0.620000 0.047991
0.520000 0.620000 0.050801
0.540000 0.620000 0.053557
0.560000 0.620000 0.056233
0.580000 0.620000 0.058802
0.600000 0.620000 0.061232
0.620000 0.620000 0.063488
0.640000 0.620000 0.065534
0.660000 0.620000 0.067326
0.680000 0.620000 0.068818
0.700000 0.620000 0.069960
0.720000 0.620000 0.070692
0.740000 0.620000 0.070951
0.760000 0.620000 0.070666
0.780000 0.620000 0.069756
0.800000 0.620000 0.068131
0.820000 0.620000 0.065691
0.840000 0.620000 0.062322
0.860000 0.620000 0.057900
0.880000 0.620000 0.052281
0.900000 0.620000 0.045307
0.920000 0.620000 0.036801
0.940000 0.620000 0.026566
0.960000 0.620000 0.014381
0.980000 0.620000 0.000000

0.000000 0.600000 0.000000
0.020000 0.600000 0.000696
0.040000 0.600000 0.001501
0.060000 0.600000 0.002421
0.080000 0.600000 0.003462
0.100000 0.600000 0.004629
0.120000 0.600000 0.005928
0.140000 0.600000 0.007360
0.160000 0.600000 0.008930
0.180000 0.600000 0.010639
0.200000 0.600000 0.012487
0.220000 0.600000 0.014475
0.240000 0.600000 0.016599
0.260000 0.600000 0.018857
0.280000 0.600000 0.021245
0.300000 0.600000 0.023757
0.320000 0.600000 0.026386
0.340000 0.600000 0.029123
0.360000 0.600000 0.031959
0.380000 0.600000 0.034881
0.400000 0.600000 0.037878
0.420000 0.600000 0.040935
0.440000 0.600000 0.044035
0.460000 0.600000 0.047161
0.480000 0.600000 0.050293
0.500000 0.600000 0.053410
0.520000 0.600000 0.056488
0.540000 0.600000 0.059501
0.560000 0.600000 0.062422
0.580000 0.600000 0.065219
0.600000 0.600000 0.067859
0.620000 0.600000 0.070303
0.640000 0.600000 0.072511
0.660000 0.600000 0.074437
0.680000 0.600000 0.076032
0.700000 0.600000 0.077238
0.720000 0.600000 0.077995
0.740000 0.600000 0.078231
0.760000 0.600000 0.077870
0.780000 0.600000 0.076824
0.800000 0.600000 0.074996
0.820000 0.600000 0.072276
0.840000 0.600000 0.068542
0.860000 0.600000 0.063654
0.880000 0.600000 0.057459
0.900000 0.600000 0.049781
0.920000 0.600000 0.040428
0.940000 0.600000 0.029179
0.960000 0.600000 0.015794
0.980000 0.600000 0.000000

0.000000 0.580000 0.000000
0.020000 0.580000 0.000786
0.040000 0.580000 0.001695
0.060000 0.580000 0.002733
0.080000 0.580000 0.003907
0.100000 0.580000 0.005223
0.120000 0.580000 0.006686
0.140000 0.580000 0.008298
0.160000 0.580000 0.010064
0.180000 0.580000 0.011983
0.200000 0.580000 0.014057
0.220000 0.580000 0.016284
0.240000 0.580000 0.018661
0.260000 0.580000 0.021185
0.280000 0.580000 0.023850
0.300000 0.580000 0.026649
0.320000 0.580000 0.029574
0.340000 0.580000 0.032614
0.360000 0.580000 0.035759
0.380000 0.580000 0.038996
0.400000 0.580000 0.042309
0.420000 0.580000 0.045681
0.440000 0.580000 0.049096
0.460000 0.580000 0.052534
0.480000 0.580000 0.055971
0.500000 0.580000 0.059386
0.520000 0.580000 0.062751
0.540000 0.580000 0.066039
0.560000 0.580000 0.069218
0.580000 0.580000 0.072256
0.600000 0.580000 0.075115
0.620000 0.580000 0.077754
0.640000 0.580000 0.080130
0.660000 0.580000 0.082193
0.680000 0.580000 0.083888
0.700000 0.580000 0.085156
0.720000 0.580000 0.085928
0.740000 0.580000 0.086131
0.760000 0.580000 0.085679
0.780000 0.580000 0.084478
0.800000 0.580000 0.082423
0.820000 0.580000 0.079395
0.840000 0.580000 0.075259
0.860000 0.580000 0.069865
0.880000 0.580000 0.063044
0.900000 0.580000 0.054605
0.920000 0.580000 0.044336
0.940000 0.580000 0.031995
0.960000 0.580000 0.017316
0.980000 0.580000 0.000000

0.000000 0.560000 0.000000
0.020000 0.560000 0.000888
0.040000 0.560000 0.001914
0.060000 0.560000 0.003086
0.080000 0.560000 0.004411
0.100000 0.560000 0.005894
0.120000 0.560000 0.007542
0.140000 0.560000 0.009357
0.160000 0.560000 0.011342
0.180000 0.560000 0.013497
0.200000 0.560000 0.015823
0.220000 0.560000 0.018317
0.240000 0.560000 0.020977
0.260000 0.560000 0.023796
0.280000 0.560000 0.026768
0.300000 0.560000 0.029885
0.320000 0.560000 0.033136
0.340000 0.560000 0.036511
0.360000 0.560000 0.039996
0.380000 0.560000 0.043575
0.400000 0.560000 0.047233
0.420000 0.560000 0.050950
0.440000 0.560000 0.054706
0.460000 0.560000 0.058479
0.480000 0.560000 0.062245
0.500000 0.560000 0.065979
0.520000 0.560000 0.069650
0.540000 0.560000 0.073229
0.560000 0.560000 0.076682
0.580000 0.560000 0.079973
0.600000 0.560000 0.083060
0.620000 0.560000 0.085902
0.640000 0.560000 0.088449
0.660000 0.560000 0.090649
0.680000 0.560000 0.092443
0.700000 0.560000 0.093766
0.720000 0.560000 0.094545
0.740000 0.560000 0.094700
0.760000 0.560000 0.094140
0.780000 0.560000 0.092762
0.800000 0.560000 0.090454
0.820000 0.560000 0.087084
0.840000 0.560000 0.082509
0.860000 0.560000 0.076564
0.880000 0.560000 0.069064
0.900000 0.560000 0.059802
0.920000 0.560000 0.048544
0.940000 0.560000 0.035026
0.960000 0.560000 0.018955
0.980000 0.560000 0.000000

0.000000 0.540000 0.000000
0.020000 0.540000 0.001003
0.040000 0.540000 0.002162
0.060000 0.540000 0.003485
0.080000 0.540000 0.004980
0.100000 0.540000 0.006654
0.120000 0.540000 0.008510
0.140000 0.540000 0.010553
0.160000 0.540000 0.012784
0.180000 0.540000 0.015205
0.200000 0.540000 0.017813
0.220000 0.540000 0.020607
0.240000 0.540000 0.023580
0.260000 0.540000 0.026728
0.280000 0.540000 0.030041
0.300000 0.540000 0.033509
0.320000 0.540000 0.037122
0.340000 0.540000 0.040864
0.360000 0.540000 0.044721
0.380000 0.540000 0.048675
0.400000 0.540000 0.052708
0.420000 0.540000 0.056799
0.440000 0.540000 0.060924
0.460000 0.540000 0.065060
0.480000 0.540000 0.069180
0.500000 0.540000 0.073254
0.520000 0.540000 0.077251
0.540000 0.540000 0.081139
0.560000 0.540000 0.084880
0.580000 0.540000 0.088435
0.600000 0.540000 0.091760
0.620000 0.540000 0.094809
0.640000 0.540000 0.097530
0.660000 0.540000 0.099866
0.680000 0.540000 0.101754
0.700000 0.540000 0.103124
0.720000 0.540000 0.103898
0.740000 0.540000 0.103990
0.760000 0.540000 0.103301
0.780000 0.540000 0.101722
0.800000 0.540000 0.099130
0.820000 0.540000 0.095384
0.840000 0.540000 0.090327
0.860000 0.540000 0.083782
0.880000 0.540000 0.075547
0.900000 0.540000 0.065395
0.920000 0.540000 0.053071
0.940000 0.540000 0.038286
0.960000 0.540000 0.020717
0.980000 0.540000 0.000000

0.000000 0.520000 0.000000
0.020000 0.520000 0.001134
0.040000 0.520000 0.002444
0.060000 0.520000 0.003939
0.080000 0.520000 0.005627
0.100000 0.520000 0.007514
0.120000 0.520000 0.009606
0.140000 0.520000 0.011906
0.160000 0.520000 0.014415
0.180000 0.520000 0.017133
0.200000 0.520000 0.020058
0.220000 0.520000 0.023186
0.240000 0.520000 0.026510
0.260000 0.520000 0.030023
0.280000 0.520000 0.033715
0.300000 0.520000 0.037572
0.320000 0.520000 0.041582
0.340000 0.520000 0.045729
0.360000 0.520000 0.049994
0.380000 0.520000 0.054358
0.400000 0.520000 0.058800
0.420000 0.520000 0.063296
0.440000 0.520000 0.067821
0.460000 0.520000 0.072347
0.480000 0.520000 0.076844
0.500000 0.520000 0.081282
0.520000 0.520000 0.085626
0.540000 0.520000 0.089839
0.560000 0.520000 0.093882
0.580000 0.520000 0.097712
0.600000 0.520000 0.101283
0.620000 0.520000 0.104543
0.640000 0.520000 0.107439
0.660000 0.520000 0.109908
0.680000 0.520000 0.111883
0.700000 0.520000 0.113289
0.720000 0.520000 0.114044
0.740000 0.520000 0.114054
0.760000 0.520000 0.113213
0.780000 0.520000 0.111404
0.800000 0.520000 0.108494
0.820000 0.520000 0.104333
0.840000 0.520000 0.098749
0.860000 0.520000 0.091551
0.880000 0.520000 0.082519
0.900000 0.520000 0.071407
0.920000 0.520000 0.057935
0.940000 0.520000 0.041787
0.960000 0.520000 0.022609
0.980000 0.520000 0.000000

0.000000 0.500000 0.000000
0.020000 0.500000 0.001282
0.040000 0.500000 0.002764
0.060000 0.500000 0.004453
0.080000 0.500000 0.006360
0.100000 0.500000 0.008490
0.120000 0.500000 0.010849
0.140000 0.500000 0.013439
0.160000 0.500000 0.016261
0.180000 0.500000 0.019314
0.200000 0.500000 0.022594
0.220000 0.500000 0.026096
0.240000 0.500000 0.029812
0.260000 0.500000 0.033731
0.280000 0.500000 0.037842
0.300000 0.500000 0.042130
0.320000 0.500000 0.046579
0.340000 0.500000 0.051170
0.360000 0.500000 0.055882
0.380000 0.500000 0.060694
0.400000 0.500000 0.065580
0.420000 0.500000 0.070515
0.440000 0.500000 0.075470
0.460000 0.500000 0.080415
0.480000 0.500000 0.085316
0.500000 0.500000 0.090141
0.520000 0.500000 0.094851
0.540000 0.500000 0.099406
0.560000 0.500000 0.103764
0.580000 0.500000 0.107880
0.600000 0.500000 0.111702
0.620000 0.500000 0.115176
0.640000 0.500000 0.118244
0.660000 0.500000 0.120841
0.680000 0.500000 0.122894
0.700000 0.500000 0.124323
0.720000 0.500000 0.125040
0.740000 0.500000 0.124945
0.760000 0.500000 0.123925
0.780000 0.500000 0.121855
0.800000 0.500000 0.118590
0.820000 0.500000 0.113970
0.840000 0.500000 0.107810
0.860000 0.500000 0.099902
0.880000 0.500000 0.090008
0.900000 0.500000 0.077860
0.920000 0.500000 0.063153
0.940000 0.500000 0.045541
0.960000 0.500000 0.024637
0.980000 0.500000 0.000000

0.000000 0.480000 0.000000
0.020000 0.480000 0.001452
0.040000 0.480000 0.003128
0.060000 0.480000 0.005039
0.080000 0.480000 0.007194
0.100000 0.480000 0.009600
0.120000 0.480000 0.012260
0.140000 0.480000 0.015178
0.160000 0.480000 0.018353
0.180000 0.480000 0.021782
0.200000 0.480000 0.025461
0.220000 0.480000 0.029382
0.240000 0.480000 0.033534
0.260000 0.480000 0.037906
0.280000 0.480000 0.042483
0.300000 0.480000 0.047246
0.320000 0.480000 0.052178
0.340000 0.480000 0.057257
0.360000 0.480000 0.062459
0.380000 0.480000 0.067758
0.400000 0.480000 0.073127
0.420000 0.480000 0.078537
0.440000 0.480000 0.083955
0.460000 0.480000 0.089348
0.480000 0.480000 0.094681
0.500000 0.480000 0.099915
0.520000 0.480000 0.105011
0.540000 0.480000 0.109924
0.560000 0.480000 0.114610
0.580000 0.480000 0.119018
0.600000 0.480000 0.123095
0.620000 0.480000 0.126783
0.640000 0.480000 0.130020
0.660000 0.480000 0.132735
0.680000 0.480000 0.134852
0.700000 0.480000 0.136287
0.720000 0.480000 0.136944
0.740000 0.480000 0.136718
0.760000 0.480000 0.135488
0.780000 0.480000 0.133120
0.800000 0.480000 0.129460
0.820000 0.480000 0.124334
0.840000 0.480000 0.117543
0.860000 0.480000 0.108864
0.880000 0.480000 0.098038
0.900000 0.480000 0.084774
0.920000 0.480000 0.068741
0.940000 0.480000 0.049561
0.960000 0.480000 0.026808
0.980000 0.480000 0.000000

0.000000 0.460000 0.000000
0.020000 0.460000 0.001645
0.040000 0.460000 0.003543
0.060000 0.460000 0.005707
0.080000 0.460000 0.008144
0.100000 0.460000 0.010862
0.120000 0.460000 0.013865
0.140000 0.460000 0.017154
0.160000 0.460000 0.020727
0.180000 0.460000 0.024580
0.200000 0.460000 0.028706
0.220000 0.460000 0.033096
0.240000 0.460000 0.037736
0.260000 0.460000 0.042611
0.280000 0.460000 0.047704
0.300000 0.460000 0.052993
0.320000 0.460000 0.058458
0.340000 0.460000 0.064072
0.360000 0.460000 0.069808
0.380000 0.460000 0.075638
0.400000 0.460000 0.081530
0.420000 0.460000 0.087451
0.440000 0.460000 0.093367
0.460000 0.460000 0.099240
0.480000 0.460000 0.105030
0.500000 0.460000 0.110697
0.520000 0.460000 0.116197
0.540000 0.460000 0.121483
0.560000 0.460000 0.126506
0.580000 0.460000 0.131212
0.600000 0.460000 0.135545
0.620000 0.460000 0.139444
0.640000 0.460000 0.142841
0.660000 0.460000 0.145662
0.680000 0.460000 0.147827
0.700000 0.460000 0.149245
0.720000 0.460000 0.149817
0.740000 0.460000 0.149428
0.760000 0.460000 0.147953
0.780000 0.460000 0.145246
0.800000 0.460000 0.141144
0.820000 0.460000 0.135460
0.840000 0.460000 0.127981
0.860000 0.460000 0.118464
0.880000 0.460000 0.106633
0.900000 0.460000 0.092170
0.920000 0.460000 0.074714
0.940000 0.460000 0.053856
0.960000 0.460000 0.029127
0.980000 0.460000 0.000000

0.000000 0.440000 0.000000
0.020000 0.440000 0.001865
0.040000 0.440000 0.004017
0.060000 0.440000 0.006468
0.080000 0.440000 0.009228
0.100000 0.440000 0.012301
0.120000 0.440000 0.015692
0.140000 0.440000 0.019401
0.160000 0.440000 0.023424
0.180000 0.440000 0.027755
0.200000 0.440000 0.032384
0.220000 0.440000 0.037298
0.240000 0.440000 0.042482
0.260000 0.440000 0.047917
0.280000 0.440000 0.053582
0.300000 0.440000 0.059453
0.320000 0.440000 0.065502
0.340000 0.440000 0.071703
0.360000 0.440000 0.078022
0.380000 0.440000 0.084429
0.400000 0.440000 0.090886
0.420000 0.440000 0.097359
0.440000 0.440000 0.103807
0.460000 0.440000 0.110190
0.480000 0.440000 0.116464
0.500000 0.440000 0.122586
0.520000 0.440000 0.128508
0.540000 0.440000 0.134179
0.560000 0.440000 0.139546
0.580000 0.440000 0.144554
0.600000 0.440000 0.149141
0.620000 0.440000 0.153242
0.640000 0.440000 0.156787
0.660000 0.440000 0.159697
0.680000 0.440000 0.161888
0.700000 0.440000 0.163263
0.720000 0.440000 0.163717
0.740000 0.440000 0.163131
0.760000 0.440000 0.161368
0.780000 0.440000 0.158276
0.800000 0.440000 0.153681
0.820000 0.440000 0.147382
0.840000 0.440000 0.139152
0.860000 0.440000 0.128728
0.880000 0.440000 0.115813
0.900000 0.440000 0.100063
0.920000 0.440000 0.081085
0.940000 0.440000 0.058434
0.960000 0.440000 0.031599
0.980000 0.440000 0.000000

0.000000 0.420000 0.000000
0.020000 0.420000 0.002117
0.040000 0.420000 0.004560
0.060000 0.420000 0.007339
0.080000 0.420000 0.010466
0.100000 0.420000 0.013944
0.120000 0.420000 0.017776
0.140000 0.420000 0.021961
0.160000 0.420000 0.026492
0.180000 0.420000 0.031361
0.200000 0.420000 0.036555
0.220000 0.420000 0.042057
0.240000 0.420000 0.047849
0.260000 0.420000 0.053906
0.280000 0.420000 0.060205
0.300000 0.420000 0.066716
0.320000 0.420000 0.073409
0.340000 0.420000 0.080251
0.360000 0.420000 0.087206
0.380000 0.420000 0.094237
0.400000 0.420000 0.101305
0.420000 0.420000 0.108368
0.440000 0.420000 0.115385
0.460000 0.420000 0.122308
0.480000 0.420000 0.129093
0.500000 0.420000 0.135690
0.520000 0.420000 0.142048
0.540000 0.420000 0.148114
0.560000 0.420000 0.153831
0.580000 0.420000 0.159138
0.600000 0.420000 0.163972
0.620000 0.420000 0.168265
0.640000 0.420000 0.171940
0.660000 0.420000 0.174917
0.680000 0.420000 0.177106
0.700000 0.420000 0.178405
0.720000 0.420000 0.178705
0.740000 0.420000 0.177877
0.760000 0.420000 0.175781
0.780000 0.420000 0.172253
0.800000 0.420000 0.167107
0.820000 0.420000 0.160131
0.840000 0.420000 0.151081
0.860000 0.420000 0.139677
0.880000 0.420000 0.125595
0.900000 0.420000 0.108465
0.920000 0.420000 0.087864
0.940000 0.420000 0.063303
0.960000 0.420000 0.034226
0.980000 0.420000 0.000000

0.000000 0.400000 0.000000
0.020000 0.400000 0.002406
0.040000 0.400000 0.005181
0.060000 0.400000 0.008337
0.080000 0.400000 0.011883
0.100000 0.400000 0.015823
0.120000 0.400000 0.020157
0.140000 0.400000 0.024882
0.160000 0.400000 0.029988
0.180000 0.400000 0.035464
0.200000 0.400000 0.041292
0.220000 0.400000 0.047453
0.240000 0.400000 0.053921
0.260000 0.400000 0.060671
0.280000 0.400000 0.067671
0.300000 0.400000 0.074888
0.320000 0.400000 0.082287
0.340000 0.400000 0.089829
0.360000 0.400000 0.097475
0.380000 0.400000 0.105182
0.400000 0.400000 0.112906
0.420000 0.400000 0.120601
0.440000 0.400000 0.128221
0.460000 0.400000 0.135716
0.480000 0.400000 0.143035
0.500000 0.400000 0.150126
0.520000 0.400000 0.156933
0.540000 0.400000 0.163400
0.560000 0.400000 0.169465
0.580000 0.400000 0.175067
0.600000 0.400000 0.180137
0.620000 0.400000 0.184602
0.640000 0.400000 0.188385
0.660000 0.400000 0.191399
0.680000 0.400000 0.193551
0.700000 0.400000 0.194736
0.720000 0.400000 0.194837
0.740000 0.400000 0.193720
0.760000 0.400000 0.191236
0.780000 0.400000 0.187213
0.800000 0.400000 0.181454
0.820000 0.400000 0.173734
0.840000 0.400000 0.163791
0.860000 0.400000 0.151326
0.880000 0.400000 0.135991
0.900000 0.400000 0.117387
0.920000 0.400000 0.095055
0.940000 0.400000 0.068465
0.960000 0.400000 0.037012
0.980000 0.400000 0.000000

0.000000 0.380000 0.000000
0.020000 0.380000 0.002738
0.040000 0.380000 0.005895
0.060000 0.380000 0.009482
0.080000 0.380000 0.013507
0.100000 0.380000 0.017974
0.120000 0.380000 0.022881
0.140000 0.380000 0.028218
0.160000 0.380000 0.033976
0.180000 0.380000 0.040136
0.200000 0.380000 0.046678
0.220000 0.380000 0.053575
0.240000 0.380000 0.060799
0.260000 0.380000 0.068317
0.280000 0.380000 0.076092
0.300000 0.380000 0.084086
0.320000 0.380000 0.092258
0.340000 0.380000 0.100564
0.360000 0.380000 0.108958
0.380000 0.380000 0.117394
0.400000 0.380000 0.125822
0.420000 0.380000 0.134191
0.440000 0.380000 0.142449
0.460000 0.380000 0.150544
0.480000 0.380000 0.158419
0.500000 0.380000 0.166019
0.520000 0.380000 0.173283
0.540000 0.380000 0.180152
0.560000 0.380000 0.186562
0.580000 0.380000 0.192446
0.600000 0.380000 0.197733
0.620000 0.380000 0.202347
0.640000 0.380000 0.206206
0.660000 0.380000 0.209222
0.680000 0.380000 0.211296
0.700000 0.380000 0.212319
0.720000 0.380000 0.212168
0.740000 0.380000 0.210705
0.760000 0.380000 0.207772
0.780000 0.380000 0.203189
0.800000 0.380000 0.196747
0.820000 0.380000 0.188208
0.840000 0.380000 0.177295
0.860000 0.380000 0.163685
0.880000 0.380000 0.147007
0.900000 0.380000 0.126832
0.920000 0.380000 0.102662
0.940000 0.380000 0.073923
0.960000 0.380000 0.039955
0.980000 0.380000 0.000000

0.000000 0.360000 0.000000
0.020000 0.360000 0.003121
0.040000 0.360000 0.006716
0.060000 0.360000 0.010798
0.080000 0.360000 0.015374
0.100000 0.360000 0.020444
0.120000 0.360000 0.026002
0.140000 0.360000 0.032037
0.160000 0.360000 0.038532
0.180000 0.360000 0.045465
0.200000 0.360000 0.052808
0.220000 0.360000 0.060530
0.240000 0.360000 0.068596
0.260000 0.360000 0.076965
0.280000 0.360000 0.085596
0.300000 0.360000 0.094444
0.320000 0.360000 0.103461
0.340000 0.360000 0.112597
0.360000 0.360000 0.121801
0.380000 0.360000 0.131020
0.400000 0.360000 0.140199
0.420000 0.360000 0.149282
0.440000 0.360000 0.158213
0.460000 0.360000 0.166934
0.480000 0.360000 0.175384
0.500000 0.360000 0.183503
0.520000 0.360000 0.191229
0.540000 0.360000 0.198496
0.560000 0.360000 0.205239
0.580000 0.360000 0.211386
0.600000 0.360000 0.216864
0.620000 0.360000 0.221594
0.640000 0.360000 0.225491
0.660000 0.360000 0.228463
0.680000 0.360000 0.230408
0.700000 0.360000 0.231212
0.720000 0.360000 0.230749
0.740000 0.360000 0.228874
0.760000 0.360000 0.225423
0.780000 0.360000 0.220206
0.800000 0.360000 0.213006
0.820000 0.360000 0.203568
0.840000 0.360000 0.191599
0.860000 0.360000 0.176756
0.880000 0.360000 0.158643
0.900000 0.360000 0.136796
0.920000 0.360000 0.110679
0.940000 0.360000 0.079671
0.960000 0.360000 0.043053
0.980000 0.360000 0.000000

0.000000 0.340000 0.000000
0.020000 0.340000 0.003562
0.040000 0.340000 0.007663
0.060000 0.340000 0.012316
0.080000 0.340000 0.017524
0.100000 0.340000 0.023284
0.120000 0.340000 0.029587
0.140000 0.340000 0.036415
0.160000 0.340000 0.043746
0.180000 0.340000 0.051550
0.200000 0.340000 0.059794
0.220000 0.340000 0.068439
0.240000 0.340000 0.077441
0.260000 0.340000 0.086754
0.280000 0.340000 0.096329
0.300000 0.340000 0.106113
0.320000 0.340000 0.116051
0.340000 0.340000 0.126087
0.360000 0.340000 0.136164
0.380000 0.340000 0.146221
0.400000 0.340000 0.156199
0.420000 0.340000 0.166036
0.440000 0.340000 0.175671
0.460000 0.340000 0.185039
0.480000 0.340000 0.194079
0.500000 0.340000 0.202723
0.520000 0.340000 0.210907
0.540000 0.340000 0.218562
0.560000 0.340000 0.225617
0.580000 0.340000 0.232000
0.600000 0.340000 0.237635
0.620000 0.340000 0.242439
0.640000 0.340000 0.246324
0.660000 0.340000 0.249197
0.680000 0.340000 0.250951
0.700000 0.340000 0.251471
0.720000 0.340000 0.250624
0.740000 0.340000 0.248262
0.760000 0.340000 0.244214
0.780000 0.340000 0.238282
0.800000 0.340000 0.230237
0.820000 0.340000 0.219814
0.840000 0.340000 0.206700
0.860000 0.340000 0.190533
0.880000 0.340000 0.170887
0.900000 0.340000 0.147268
0.920000 0.340000 0.119097
0.940000 0.340000 0.085701
0.960000 0.340000 0.046303
0.980000 0.340000 0.000000

0.000000 0.320000 0.000000
0.020000 0.320000 0.004072
0.040000 0.320000 0.008759
0.060000 0.320000 0.014069
0.080000 0.320000 0.020005
0.100000 0.320000 0.026557
0.120000 0.320000 0.033711
0.140000 0.320000 0.041443
0.160000 0.320000 0.049721
0.180000 0.320000 0.058509
0.200000 0.320000 0.067765
0.220000 0.320000 0.077441
0.240000 0.320000 0.087485
0.260000 0.320000 0.097842
0.280000 0.320000 0.108454
0.300000 0.320000 0.119262
0.320000 0.320000 0.130202
0.340000 0.320000 0.141211
0.360000 0.320000 0.152224
0.380000 0.320000 0.163175
0.400000 0.320000 0.173998
0.420000 0.320000 0.184626
0.440000 0.320000 0.194992
0.460000 0.320000 0.205027
0.480000 0.320000 0.214663
0.500000 0.320000 0.223832
0.520000 0.320000 0.232463
0.540000 0.320000 0.240485
0.560000 0.320000 0.247825
0.580000 0.320000 0.254407
0.600000 0.320000 0.260152
0.620000 0.320000 0.264976
0.640000 0.320000 0.268790
0.660000 0.320000 0.271496
0.680000 0.320000 0.272987
0.700000 0.320000 0.273143
0.720000 0.320000 0.271831
0.740000 0.320000 0.268896
0.760000 0.320000 0.264161
0.780000 0.320000 0.257422
0.800000 0.320000 0.248440
0.820000 0.320000 0.236936
0.840000 0.320000 0.222582
0.860000 0.320000 0.204994
0.880000 0.320000 0.183718
0.900000 0.320000 0.158226
0.920000 0.320000 0.127895
0.940000 0.320000 0.091999
0.960000 0.320000 0.049695
0.980000 0.320000 0.000000

0.000000 0.300000 0.000000
0.020000 0.300000 0.004665
0.040000 0.300000 0.010029
0.060000 0.300000 0.016101
0.080000 0.300000 0.022875
0.100000 0.300000 0.030338
0.120000 0.300000 0.038466
0.140000 0.300000 0.047227
0.160000 0.300000 0.056580
0.180000 0.300000 0.066479
0.200000 0.300000 0.076870
0.220000 0.300000 0.087697
0.240000 0.300000 0.098898
0.260000 0.300000 0.110407
0.280000 0.300000 0.122159
0.300000 0.300000 0.134083
0.320000 0.300000 0.146109
0.340000 0.300000 0.158165
0.360000 0.300000 0.170180
0.380000 0.300000 0.182079
0.400000 0.300000 0.193791
0.420000 0.300000 0.205243
0.440000 0.300000 0.216362
0.460000 0.300000 0.227074
0.480000 0.300000 0.237308
0.500000 0.300000 0.246991
0.520000 0.300000 0.256049
0.540000 0.300000 0.264408
0.560000 0.300000 0.271992
0.580000 0.300000 0.278723
0.600000 0.300000 0.284521
0.620000 0.300000 0.289299
0.640000 0.300000 0.292968
0.660000 0.300000 0.295427
0.680000 0.300000 0.296568
0.700000 0.300000 0.296270
0.720000 0.300000 0.294396
0.740000 0.300000 0.290788
0.760000 0.300000 0.285266
0.780000 0.300000 0.277618
0.800000 0.300000 0.267597
0.820000 0.300000 0.254911
0.840000 0.300000 0.239216
0.860000 0.300000 0.220106
0.880000 0.300000 0.197102
0.900000 0.300000 0.169637
0.920000 0.300000 0.137044
0.940000 0.300000 0.098543
0.960000 0.300000 0.053217
0.980000 0.300000 0.000000

0.000000 0.280000 0.000000
0.020000 0.280000 0.005354
0.040000 0.280000 0.011507
0.060000 0.280000 0.018461
0.080000 0.280000 0.026205
0.100000 0.280000 0.034717
0.120000 0.280000 0.043962
0.140000 0.280000 0.053896
0.160000 0.280000 0.064468
0.180000 0.280000 0.075620
0.200000 0.280000 0.087285
0.220000 0.280000 0.099395
0.240000 0.280000 0.111877
0.260000 0.280000 0.124656
0.280000 0.280000 0.137654
0.300000 0.280000 0.150793
0.320000 0.280000 0.163991
0.340000 0.280000 0.177170
0.360000 0.280000 0.190249
0.380000 0.280000 0.203149
0.400000 0.280000 0.215789
0.420000 0.280000 0.228092
0.440000 0.280000 0.239979
0.460000 0.280000 0.251372
0.480000 0.280000 0.262195
0.500000 0.280000 0.272371
0.520000 0.280000 0.281824
0.540000 0.280000 0.290477
0.560000 0.280000 0.298252
0.580000 0.280000 0.305069
0.600000 0.280000 0.310846
0.620000 0.280000 0.315498
0.640000 0.280000 0.318931
0.660000 0.280000 0.321048
0.680000 0.280000 0.321737
0.700000 0.280000 0.320878
0.720000 0.280000 0.318332
0.740000 0.280000 0.313940
0.760000 0.280000 0.307516
0.780000 0.280000 0.298846
0.800000 0.280000 0.287672
0.820000 0.280000 0.273694
0.840000 0.280000 0.256551
0.860000 0.280000 0.235818
0.880000 0.280000 0.210985
0.900000 0.280000 0.181452
0.920000 0.280000 0.146503
0.940000 0.280000 0.105300
0.960000 0.280000 0.056851
0.980000 0.280000 0.000000

0.000000 0.260000 0.000000
0.020000 0.260000 0.006160
0.040000 0.260000 0.013232
0.060000 0.260000 0.021213
0.080000 0.260000 0.030081
0.100000 0.260000 0.039802
0.120000 0.260000 0.050328
0.140000 0.260000 0.061601
0.160000 0.260000 0.073556
0.180000 0.260000 0.086119
0.200000 0.260000 0.099211
0.220000 0.260000 0.112750
0.240000 0.260000 0.126649
0.260000 0.260000 0.140822
0.280000 0.260000 0.155180
0.300000 0.260000 0.169633
0.320000 0.260000 0.184092
0.340000 0.260000 0.198468
0.360000 0.260000 0.212673
0.380000 0.260000 0.226620
0.400000 0.260000 0.240223
0.420000 0.260000 0.253396
0.440000 0.260000 0.266057
0.460000 0.260000 0.278123
0.480000 0.260000 0.289514
0.500000 0.260000 0.300150
0.520000 0.260000 0.309952
0.540000 0.260000 0.318841
0.560000 0.260000 0.326737
0.580000 0.260000 0.333561
0.600000 0.260000 0.339229
0.620000 0.260000 0.343655
0.640000 0.260000 0.346748
0.660000 0.260000 0.348408
0.680000 0.260000 0.348527
0.700000 0.260000 0.346983
0.720000 0.260000 0.343638
0.740000 0.260000 0.338333
0.760000 0.260000 0.330880
0.780000 0.260000 0.321060
0.800000 0.260000 0.308611
0.820000 0.260000 0.293222
0.840000 0.260000 0.274520
0.860000 0.260000 0.252057
0.880000 0.260000 0.225298
0.900000 0.260000 0.193605
0.920000 0.260000 0.156217
0.940000 0.260000 0.112229
0.960000 0.260000 0.060575
0.980000 0.260000 0.000000

0.000000 0.240000 0.000000
0.020000 0.240000 0.007104
0.040000 0.240000 0.015254
0.060000 0.240000 0.024432
0.080000 0.240000 0.034606
0.100000 0.240000 0.045724
0.120000 0.240000 0.057722
0.140000 0.240000 0.070524
0.160000 0.240000 0.084046
0.180000 0.240000 0.098198
0.200000 0.240000 0.112885
0.220000 0.240000 0.128010
0.240000 0.240000 0.143472
0.260000 0.240000 0.159171
0.280000 0.240000 0.175006
0.300000 0.240000 0.190876
0.320000 0.240000 0.206684
0.340000 0.240000 0.222329
0.360000 0.240000 0.237716
0.380000 0.240000 0.252751
0.400000 0.240000 0.267340
0.420000 0.240000 0.281393
0.440000 0.240000 0.294822
0.460000 0.240000 0.307541
0.480000 0.240000 0.319465
0.500000 0.240000 0.330512
0.520000 0.240000 0.340601
0.540000 0.240000 0.349651
0.560000 0.240000 0.357582
0.580000 0.240000 0.364313
0.600000 0.240000 0.369763
0.620000 0.240000 0.373846
0.640000 0.240000 0.376471
0.660000 0.240000 0.377542
0.680000 0.240000 0.376951
0.700000 0.240000 0.374580
0.720000 0.240000 0.370292
0.740000 0.240000 0.363928
0.760000 0.240000 0.355301
0.780000 0.240000 0.344191
0.800000 0.240000 0.330332
0.820000 0.240000 0.313405
0.840000 0.240000 0.293024
0.860000 0.240000 0.268725
0.880000 0.240000 0.239946
0.900000 0.240000 0.206011
0.920000 0.240000 0.166110
0.940000 0.240000 0.119276
0.960000 0.240000 0.064359
0.980000 0.240000 0.000000

0.000000 0.220000 0.000000
0.020000 0.220000 0.008218
0.040000 0.220000 0.017633
0.060000 0.220000 0.028215
0.080000 0.220000 0.039909
0.100000 0.220000 0.052645
0.120000 0.220000 0.066334
0.140000 0.220000 0.080880
0.160000 0.220000 0.096177
0.180000 0.220000 0.112116
0.200000 0.220000 0.128582
0.220000 0.220000 0.145463
0.240000 0.220000 0.162641
0.260000 0.220000 0.180004
0.280000 0.220000 0.197436
0.300000 0.220000 0.214827
0.320000 0.220000 0.232067
0.340000 0.220000 0.249048
0.360000 0.220000 0.265666
0.380000 0.220000 0.281819
0.400000 0.220000 0.297409
0.420000 0.220000 0.312339
0.440000 0.220000 0.326516
0.460000 0.220000 0.339851
0.480000 0.220000 0.352257
0.500000 0.220000 0.363647
0.520000 0.220000 0.373941
0.540000 0.220000 0.383056
0.560000 0.220000 0.390914
0.580000 0.220000 0.397433
0.600000 0.220000 0.402534
0.620000 0.220000 0.406133
0.640000 0.220000 0.408142
0.660000 0.220000 0.408468
0.680000 0.220000 0.407008
0.700000 0.220000 0.403646
0.720000 0.220000 0.398248
0.740000 0.220000 0.390660
0.760000 0.220000 0.380699
0.780000 0.220000 0.368142
0.800000 0.220000 0.352725
0.820000 0.220000 0.334122
0.840000 0.220000 0.311940
0.860000 0.220000 0.285697
0.880000 0.220000 0.254807
0.900000 0.220000 0.218558
0.920000 0.220000 0.176091
0.940000 0.220000 0.126372
0.960000 0.220000 0.068164
0.980000 0.220000 0.000000

0.000000 0.200000 0.000000
0.020000 0.200000 0.009537
0.040000 0.200000 0.020448
0.060000 0.200000 0.032679
0.080000 0.200000 0.046150
0.100000 0.200000 0.060761
0.120000 0.200000 0.076395
0.140000 0.200000 0.092930
0.160000 0.200000 0.110234
0.180000 0.200000 0.128176
0.200000 0.200000 0.146623
0.220000 0.200000 0.165439
0.240000 0.200000 0.184496
0.260000 0.200000 0.203662
0.280000 0.200000 0.222812
0.300000 0.200000 0.241823
0.320000 0.200000 0.260574
0.340000 0.200000 0.278950
0.360000 0.200000 0.296837
0.380000 0.200000 0.314128
0.400000 0.200000 0.330717
0.420000 0.200000 0.346504
0.440000 0.200000 0.361392
0.460000 0.200000 0.375287
0.480000 0.200000 0.388101
0.500000 0.200000 0.399746
0.520000 0.200000 0.410141
0.540000 0.200000 0.419203
0.560000 0.200000 0.426855
0.580000 0.200000 0.433018
0.600000 0.200000 0.437614
0.620000 0.200000 0.440564
0.640000 0.200000 0.441784
0.660000 0.200000 0.441185
0.680000 0.200000 0.438670
0.700000 0.200000 0.434128
0.720000 0.200000 0.427433
0.740000 0.200000 0.418435
0.760000 0.200000 0.406956
0.780000 0.200000 0.392780
0.800000 0.200000 0.375643
0.820000 0.200000 0.355218
0.840000 0.200000 0.331105
0.860000 0.200000 0.302810
0.880000 0.200000 0.269726
0.900000 0.200000 0.231105
0.920000 0.200000 0.186040
0.940000 0.200000 0.133428
0.960000 0.200000 0.071943
0.980000 0.200000 0.000000

0.000000 0.180000 0.000000
0.020000 0.180000 0.011110
0.040000 0.180000 0.023799
0.060000 0.180000 0.037978
0.080000 0.180000 0.053530
0.100000 0.180000 0.070316
0.120000 0.180000 0.088188
0.140000 0.180000 0.106987
0.160000 0.180000 0.126556
0.180000 0.180000 0.146738
0.200000 0.180000 0.167377
0.220000 0.180000 0.188320
0.240000 0.180000 0.209419
0.260000 0.180000 0.230531
0.280000 0.180000 0.251515
0.300000 0.180000 0.272239
0.320000 0.180000 0.292572
0.340000 0.180000 0.312389
0.360000 0.180000 0.331570
0.380000 0.180000 0.350000
0.400000 0.180000 0.367570
0.420000 0.180000 0.384174
0.440000 0.180000 0.399713
0.460000 0.180000 0.414090
0.480000 0.180000 0.427216
0.500000 0.180000 0.439002
0.520000 0.180000 0.449367
0.540000 0.180000 0.458231
0.560000 0.180000 0.465518
0.580000 0.180000 0.471152
0.600000 0.180000 0.475060
0.620000 0.180000 0.477168
0.640000 0.180000 0.477396
0.660000 0.180000 0.475664
0.680000 0.180000 0.471881
0.700000 0.180000 0.465945
0.720000 0.180000 0.457739
0.740000 0.180000 0.447121
0.760000 0.180000 0.433922
0.780000 0.180000 0.417934
0.800000 0.180000 0.398898
0.820000 0.180000 0.376492
0.840000 0.180000 0.350314
0.860000 0.180000 0.319862
0.880000 0.180000 0.284509
0.900000 0.180000 0.243478
0.920000 0.180000 0.195812
0.940000 0.180000 0.140338
0.960000 0.180000 0.075637
0.980000 0.180000 0.000000

0.000000 0.160000 0.000000
0.020000 0.160000 0.013002
0.040000 0.160000 0.027816
0.060000 0.160000 0.044306
0.080000 0.160000 0.062302
0.100000 0.160000 0.081616
0.120000 0.160000 0.102056
0.140000 0.160000 0.123429
0.160000 0.160000 0.145545
0.180000 0.160000 0.168220
0.200000 0.160000 0.191274
0.220000 0.160000 0.214538
0.240000 0.160000 0.237846
0.260000 0.160000 0.261041
0.280000 0.160000 0.283970
0.300000 0.160000 0.306489
0.320000 0.160000 0.328459
0.340000 0.160000 0.349748
0.360000 0.160000 0.370228
0.380000 0.160000 0.389780
0.400000 0.160000 0.408290
0.420000 0.160000 0.425648
0.440000 0.160000 0.441752
0.460000 0.160000 0.456506
0.480000 0.160000 0.469819
0.500000 0.160000 0.481604
0.520000 0.160000 0.491779
0.540000 0.160000 0.500269
0.560000 0.160000 0.507001
0.580000 0.160000 0.511903
0.600000 0.160000 0.514908
0.620000 0.160000 0.515948
0.640000 0.160000 0.514952
0.660000 0.160000 0.511847
0.680000 0.160000 0.506554
0.700000 0.160000 0.498980
0.720000 0.160000 0.489020
0.740000 0.160000 0.476545
0.760000 0.160000 0.461399
0.780000 0.160000 0.443384
0.800000 0.160000 0.422255
0.820000 0.160000 0.397698
0.840000 0.160000 0.369314
0.860000 0.160000 0.336601
0.880000 0.160000 0.298917
0.900000 0.160000 0.255460
0.920000 0.160000 0.205224
0.940000 0.160000 0.146969
0.960000 0.160000 0.079174
0.980000 0.160000 0.000001

0.000000 0.140000 0.000001
0.020000 0.140000 0.015298
0.040000 0.140000 0.032675
0.060000 0.140000 0.051920
0.080000 0.140000 0.072791
0.100000 0.140000 0.095041
0.120000 0.140000 0.118426
0.140000 0.140000 0.142712
0.160000 0.140000 0.167678
0.180000 0.140000 0.193111
0.200000 0.140000 0.218812
0.220000 0.140000 0.244591
0.240000 0.140000 0.270269
0.260000 0.140000 0.295675
0.280000 0.140000 0.320645
0.300000 0.140000 0.345026
0.320000 0.140000 0.368671
0.340000 0.140000 0.391440
0.360000 0.140000 0.413202
0.380000 0.140000 0.433832
0.400000 0.140000 0.453212
0.420000 0.140000 0.471232
0.440000 0.140000 0.487788
0.460000 0.140000 0.502782
0.480000 0.140000 0.516125
0.500000 0.140000 0.527732
0.520000 0.140000 0.537525
0.540000 0.140000 0.545432
0.560000 0.140000 0.551383
0.580000 0.140000 0.555315
0.600000 0.140000 0.557166
0.620000 0.140000 0.556878
0.640000 0.140000 0.554390
0.660000 0.140000 0.549640
0.680000 0.140000 0.542560
0.700000 0.140000 0.533072
0.720000 0.140000 0.521084
0.740000 0.140000 0.506486
0.760000 0.140000 0.489137
0.780000 0.140000 0.468858
0.800000 0.140000 0.445421
0.820000 0.140000 0.418527
0.840000 0.140000 0.387792
0.860000 0.140000 0.352716
0.880000 0.140000 0.312655
0.900000 0.140000 0.266785
0.920000 0.140000 0.214057
0.940000 0.140000 0.153159
0.960000 0.140000 0.082467
0.980000 0.140000 0.000002

0.000000 0.120000 0.000002
0.020000 0.120000 0.018121
0.040000 0.120000 0.038617
0.060000 0.120000 0.061161
0.080000 0.120000 0.085419
0.100000 0.120000 0.111071
0.120000 0.120000 0.137817
0.140000 0.120000 0.165383
0.160000 0.120000 0.193516
0.180000 0.120000 0.221980
0.200000 0.120000 0.250556
0.220000 0.120000 0.279039
0.240000 0.120000 0.307236
0.260000 0.120000 0.334965
0.280000 0.120000 0.362055
0.300000 0.120000 0.388342
0.320000 0.120000 0.413674
0.340000 0.120000 0.437907
0.360000 0.120000 0.460903
0.380000 0.120000 0.482537
0.400000 0.120000 0.502687
0.420000 0.120000 0.521242
0.440000 0.120000 0.538099
0.460000 0.120000 0.553162
0.480000 0.120000 0.566342
0.500000 0.120000 0.577559
0.520000 0.120000 0.586737
0.540000 0.120000 0.593811
0.560000 0.120000 0.598718
0.580000 0.120000 0.601403
0.600000 0.120000 0.601812
0.620000 0.120000 0.599898
0.640000 0.120000 0.595613
0.660000 0.120000 0.588906
0.680000 0.120000 0.579725
0.700000 0.120000 0.568010
0.720000 0.120000 0.553688
0.740000 0.120000 0.536667
0.760000 0.120000 0.516830
0.780000 0.120000 0.494023
0.800000 0.120000 0.468039
0.820000 0.120000 0.438608
0.840000 0.120000 0.405365
0.860000 0.120000 0.367828
0.880000 0.120000 0.325361
0.900000 0.120000 0.277127
0.920000 0.120000 0.222041
0.940000 0.120000 0.158717
0.960000 0.120000 0.085416
0.980000 0.120000 0.000009

0.000000 0.100000 0.000010
0.020000 0.100000 0.021656
0.040000 0.100000 0.045982
0.060000 0.100000 0.072494
0.080000 0.100000 0.100737
0.100000 0.100000 0.130312
0.120000 0.100000 0.160869
0.140000 0.100000 0.192098
0.160000 0.100000 0.223721
0.180000 0.100000 0.255485
0.200000 0.100000 0.287154
0.220000 0.100000 0.318513
0.240000 0.100000 0.349358
0.260000 0.100000 0.379499
0.280000 0.100000 0.408758
0.300000 0.100000 0.436967
0.320000 0.100000 0.463968
0.340000 0.100000 0.489612
0.360000 0.100000 0.513762
0.380000 0.100000 0.536288
0.400000 0.100000 0.557069
0.420000 0.100000 0.575996
0.440000 0.100000 0.592964
0.460000 0.100000 0.607882
0.480000 0.100000 0.620664
0.500000 0.100000 0.631234
0.520000 0.100000 0.639524
0.540000 0.100000 0.645474
0.560000 0.100000 0.649031
0.580000 0.100000 0.650148
0.600000 0.100000 0.648785
0.620000 0.100000 0.644904
0.640000 0.100000 0.638473
0.660000 0.100000 0.629457
0.680000 0.100000 0.617823
0.700000 0.100000 0.603530
0.720000 0.100000 0.586527
0.740000 0.100000 0.566748
0.760000 0.100000 0.544104
0.780000 0.100000 0.518471
0.800000 0.100000 0.489677
0.820000 0.100000 0.457486
0.840000 0.100000 0.421569
0.860000 0.100000 0.381476
0.880000 0.100000 0.336593
0.900000 0.100000 0.286088
0.920000 0.100000 0.228849
0.940000 0.100000 0.163414
0.960000 0.100000 0.087913
0.980000 0.100000 0.000033

0.000000 0.080000 0.000038
0.020000 0.080000 0.026196
0.040000 0.080000 0.055279
0.060000 0.080000 0.086563
0.080000 0.080000 0.119467
0.100000 0.080000 0.153528
0.120000 0.080000 0.188361
0.140000 0.080000 0.223636
0.160000 0.080000 0.259061
0.180000 0.080000 0.294374
0.200000 0.080000 0.329332
0.220000 0.080000 0.363712
0.240000 0.080000 0.397304
0.260000 0.080000 0.429914
0.280000 0.080000 0.461359
0.300000 0.080000 0.491467
0.320000 0.080000 0.520079
0.340000 0.080000 0.547044
0.360000 0.080000 0.572224
0.380000 0.080000 0.595488
0.400000 0.080000 0.616718
0.420000 0.080000 0.635805
0.440000 0.080000 0.652650
0.460000 0.080000 0.667163
0.480000 0.080000 0.679265
0.500000 0.080000 0.688886
0.520000 0.080000 0.695967
0.540000 0.080000 0.700455
0.560000 0.080000 0.702308
0.580000 0.080000 0.701491
0.600000 0.080000 0.697976
0.620000 0.080000 0.691742
0.640000 0.080000 0.682772
0.660000 0.080000 0.671051
0.680000 0.080000 0.656566
0.700000 0.080000 0.639299
0.720000 0.080000 0.619228
0.740000 0.080000 0.596316
0.760000 0.080000 0.570508
0.780000 0.080000 0.541718
0.800000 0.080000 0.509818
0.820000 0.080000 0.474619
0.840000 0.080000 0.435844
0.860000 0.080000 0.393096
0.880000 0.080000 0.345808
0.900000 0.080000 0.293176
0.920000 0.080000 0.234081
0.940000 0.080000 0.166986
0.960000 0.080000 0.089856
0.980000 0.080000 0.000121

0.000000 0.060000 0.000151
0.020000 0.060000 0.032252
0.040000 0.060000 0.067285
0.060000 0.060000 0.104271
0.080000 0.060000 0.142559
0.100000 0.060000 0.181671
0.120000 0.060000 0.221228
0.140000 0.060000 0.260906
0.160000 0.060000 0.300415
0.180000 0.060000 0.339493
0.200000 0.060000 0.377899
0.220000 0.060000 0.415405
0.240000 0.060000 0.451803
0.260000 0.060000 0.486896
0.280000 0.060000 0.520499
0.300000 0.060000 0.552440
0.320000 0.060000 0.582559
0.340000 0.060000 0.610706
0.360000 0.060000 0.636743
0.380000 0.060000 0.660542
0.400000 0.060000 0.681988
0.420000 0.060000 0.700975
0.440000 0.060000 0.717408
0.460000 0.060000 0.731205
0.480000 0.060000 0.742293
0.500000 0.060000 0.750612
0.520000 0.060000 0.756108
0.540000 0.060000 0.758744
0.560000 0.060000 0.758487
0.580000 0.060000 0.755318
0.600000 0.060000 0.749223
0.620000 0.060000 0.740199
0.640000 0.060000 0.728248
0.660000 0.060000 0.713377
0.680000 0.060000 0.695597
0.700000 0.060000 0.674917
0.720000 0.060000 0.651345
0.740000 0.060000 0.624881
0.760000 0.060000 0.595508
0.780000 0.060000 0.563189
0.800000 0.060000 0.527848
0.820000 0.060000 0.489359
0.840000 0.060000 0.447517
0.860000 0.060000 0.402003
0.880000 0.060000 0.352332
0.900000 0.060000 0.297772
0.920000 0.060000 0.237235
0.940000 0.060000 0.169127
0.960000 0.060000 0.091191
0.980000 0.060000 0.000437

0.000000 0.040000 0.000619
0.020000 0.040000 0.040809
0.040000 0.040000 0.083230
0.060000 0.040000 0.126881
0.080000 0.040000 0.171230
0.100000 0.040000 0.215900
0.120000 0.040000 0.260571
0.140000 0.040000 0.304952
0.160000 0.040000 0.348772
0.180000 0.040000 0.391780
0.200000 0.040000 0.433739
0.220000 0.040000 0.474427
0.240000 0.040000 0.513637
0.260000 0.040000 0.551173
0.280000 0.040000 0.586854
0.300000 0.040000 0.620507
0.320000 0.040000 0.651974
0.340000 0.040000 0.681109
0.360000 0.040000 0.707776
0.380000 0.040000 0.731850
0.400000 0.040000 0.753221
0.420000 0.040000 0.771790
0.440000 0.040000 0.787467
0.460000 0.040000 0.800179
0.480000 0.040000 0.809862
0.500000 0.040000 0.816464
0.520000 0.040000 0.819947
0.540000 0.040000 0.820282
0.560000 0.040000 0.817455
0.580000 0.040000 0.811459
0.600000 0.040000 0.802302
0.620000 0.040000 0.789997
0.640000 0.040000 0.774570
0.660000 0.040000 0.756052
0.680000 0.040000 0.734481
0.700000 0.040000 0.709897
0.720000 0.040000 0.682344
0.740000 0.040000 0.651860
0.760000 0.040000 0.618476
0.780000 0.040000 0.582209
0.800000 0.040000 0.543048
0.820000 0.040000 0.500943
0.840000 0.040000 0.455785
0.860000 0.040000 0.407365
0.880000 0.040000 0.355328
0.900000 0.040000 0.299083
0.920000 0.040000 0.237657
0.940000 0.040000 0.169467
0.960000 0.040000 0.091991
0.980000 0.040000 0.001496

0.000000 0.020000 0.002598
0.020000 0.020000 0.053896
0.040000 0.020000 0.105052
0.060000 0.020000 0.156087
0.080000 0.020000 0.206980
0.100000 0.020000 0.257573
0.120000 0.020000 0.307641
0.140000 0.020000 0.356940
0.160000 0.020000 0.405223
0.180000 0.020000 0.452254
0.200000 0.020000 0.497807
0.220000 0.020000 0.541667
0.240000 0.020000 0.583632
0.260000 0.020000 0.623511
0.280000 0.020000 0.661125
0.300000 0.020000 0.696307
0.320000 0.020000 0.728902
0.340000 0.020000 0.758766
0.360000 0.020000 0.785771
0.380000 0.020000 0.809797
0.400000 0.020000 0.830740
0.420000 0.020000 0.848508
0.440000 0.020000 0.863021
0.460000 0.020000 0.874215
0.480000 0.020000 0.882037
0.500000 0.020000 0.886448
0.520000 0.020000 0.887423
0.540000 0.020000 0.884950
0.560000 0.020000 0.879029
0.580000 0.020000 0.869674
0.600000 0.020000 0.856911
0.620000 0.020000 0.840778
0.640000 0.020000 0.821324
0.660000 0.020000 0.798608
0.680000 0.020000 0.772696
0.700000 0.020000 0.743667
0.720000 0.020000 0.711598
0.740000 0.020000 0.676576
0.760000 0.020000 0.638683
0.780000 0.020000 0.597995
0.800000 0.020000 0.554580
0.820000 0.020000 0.508478
0.840000 0.020000 0.459694
0.860000 0.020000 0.408170
0.880000 0.020000 0.353740
0.900000 0.020000 0.296053
0.920000 0.020000 0.234415
0.940000 0.020000 0.167466
0.960000 0.020000 0.092527
0.980000 0.020000 0.004641

0.000000 0.000000 0.011315
0.020000 0.000000 0.075670
0.040000 0.000000 0.135519
0.060000 0.000000 0.193937
0.080000 0.000000 0.251503
0.100000 0.000000 0.308188
0.120000 0.000000 0.363804
0.140000 0.000000 0.418130
0.160000 0.000000 0.470937
0.180000 0.000000 0.522003
0.200000 0.000000 0.571112
0.220000 0.000000 0.618059
0.240000 0.000000 0.662648
0.260000 0.000000 0.704696
0.280000 0.000000 0.744028
0.300000 0.000000 0.780484
0.320000 0.000000 0.813914
0.340000 0.000000 0.844181
0.360000 0.000000 0.871161
0.380000 0.000000 0.894745
0.400000 0.000000 0.914835
0.420000 0.000000 0.931349
0.440000 0.000000 0.944220
0.460000 0.000000 0.953393
0.480000 0.000000 0.958830
0.500000 0.000000 0.960506
0.520000 0.000000 0.958413
0.540000 0.000000 0.952555
0.560000 0.000000 0.942953
0.580000 0.000000 0.929641
0.600000 0.000000 0.912669
0.620000 0.000000 0.892098
0.640000 0.000000 0.868006
0.660000 0.000000 0.840481
0.680000 0.000000 0.809624
0.700000 0.000000 0.775549
0.720000 0.000000 0.738379
0.740000 0.000000 0.698245
0.760000 0.000000 0.655288
0.780000 0.000000 0.609652
0.800000 0.000000 0.561486
0.820000 0.000000 0.510934
0.840000 0.000000 0.458136
0.860000 0.000000 0.403212
0.880000 0.000000 0.346245
0.900000 0.000000 0.287247
0.920000 0.000000 0.226059
0.940000 0.000000 0.162070
0.960000 0.000000 0.093153
0.980000 0.000000 0.011093

