0.000000 0.980000 0.004639
0.020000 0.980000 0.027495
0.040000 0.980000 0.044859
0.060000 0.980000 0.059261
0.080000 0.980000 0.071706
0.100000 0.980000 0.082694
0.120000 0.980000 0.092521
0.140000 0.980000 0.101379
0.160000 0.980000 0.109405
0.180000 0.980000 0.116701
0.200000 0.980000 0.123344
0.220000 0.980000 0.129394
0.240000 0.980000 0.134902
0.260000 0.980000 0.139906
0.280000 0.980000 0.144440
0.300000 0.980000 0.148530
0.320000 0.980000 0.152199
0.340000 0.980000 0.155464
0.360000 0.980000 0.158342
0.380000 0.980000 0.160844
0.400000 0.980000 0.162980
0.420000 0.980000 0.164757
0.440000 0.980000 0.166180
0.460000 0.980000 0.167253
0.480000 0.980000 0.167976
0.500000 0.980000 0.168349
0.520000 0.980000 0.168369
0.540000 0.980000 0.168032
0.560000 0.980000 0.167331
0.580000 0.980000 0.166258
0.600000 0.980000 0.164801
0.620000 0.980000 0.162949
0.640000 0.980000 0.160684
0.660000 0.980000 0.157988
0.680000 0.980000 0.154839
0.700000 0.980000 0.151211
0.720000 0.980000 0.147075
0.740000 0.980000 0.142392
0.760000 0.980000 0.137123
0.780000 0.980000 0.131215
0.800000 0.980000 0.124608
0.820000 0.980000 0.117227
0.840000 0.980000 0.108980
0.860000 0.980000 0.099748
0.880000 0.980000 0.089374
0.900000 0.980000 0.077644
0.920000 0.980000 0.064241
0.940000 0.980000 0.048661
0.960000 0.980000 0.029978
0.980000 0.980000 0.006146

0.000000 0.960000 0.007985
0.020000 0.960000 0.068277
0.040000 0.960000 0.117763
0.060000 0.960000 0.159923
0.080000 0.960000 0.196731
0.100000 0.960000 0.229383
0.120000 0.960000 0.258654
0.140000 0.960000 0.285080
0.160000 0.960000 0.309048
0.180000 0.960000 0.330848
0.200000 0.960000 0.350707
0.220000 0.960000 0.368803
0.240000 0.960000 0.385279
0.260000 0.960000 0.400253
0.280000 0.960000 0.413821
0.300000 0.960000 0.426064
0.320000 0.960000 0.437046
0.340000 0.960000 0.446823
0.360000 0.960000 0.455439
0.380000 0.960000 0.462931
0.400000 0.960000 0.469326
0.420000 0.960000 0.474647
0.440000 0.960000 0.478910
0.460000 0.960000 0.482122
0.480000 0.960000 0.484288
0.500000 0.960000 0.485405
0.520000 0.960000 0.485466
0.540000 0.960000 0.484457
0.560000 0.960000 0.482358
0.580000 0.960000 0.479144
0.600000 0.960000 0.474784
0.620000 0.960000 0.469236
0.640000 0.960000 0.462455
0.660000 0.960000 0.454384
0.680000 0.960000 0.444958
0.700000 0.960000 0.434100
0.720000 0.960000 0.421719
0.740000 0.960000 0.407708
0.760000 0.960000 0.391943
0.780000 0.960000 0.374273
0.800000 0.960000 0.354518
0.820000 0.960000 0.332460
0.840000 0.960000 0.307826
0.860000 0.960000 0.280274
0.880000 0.960000 0.249354
0.900000 0.960000 0.214462
0.920000 0.960000 0.174740
0.940000 0.960000 0.128900
0.960000 0.960000 0.074864
0.980000 0.960000 0.008996

0.000000 0.940000 0.009310
0.020000 0.940000 0.100639
0.040000 0.940000 0.178628
0.060000 0.940000 0.246474
0.080000 0.940000 0.306380
0.100000 0.940000 0.359867
0.120000 0.940000 0.408004
0.140000 0.940000 0.451574
0.160000 0.940000 0.491160
0.180000 0.940000 0.527212
0.200000 0.940000 0.560084
0.220000 0.940000 0.590059
0.240000 0.940000 0.617366
0.260000 0.940000 0.642195
0.280000 0.940000 0.664701
0.300000 0.940000 0.685012
0.320000 0.940000 0.703238
0.340000 0.940000 0.719466
0.360000 0.940000 0.733770
0.380000 0.940000 0.746209
0.400000 0.940000 0.756829
0.420000 0.940000 0.765666
0.440000 0.940000 0.772745
0.460000 0.940000 0.778080
0.480000 0.940000 0.781678
0.500000 0.940000 0.783534
0.520000 0.940000 0.783636
0.540000 0.940000 0.781961
0.560000 0.940000 0.778477
0.580000 0.940000 0.773141
0.600000 0.940000 0.765901
0.620000 0.940000 0.756691
0.640000 0.940000 0.745435
0.660000 0.940000 0.732039
0.680000 0.940000 0.716397
0.700000 0.940000 0.698381
0.720000 0.940000 0.677843
0.740000 0.940000 0.654610
0.760000 0.940000 0.628477
0.780000 0.940000 0.599201
0.800000 0.940000 0.566492
0.820000 0.940000 0.530000
0.840000 0.940000 0.489294
0.860000 0.940000 0.443834
0.880000 0.940000 0.392934
0.900000 0.940000 0.335690
0.920000 0.940000 0.270879
0.940000 0.940000 0.196789
0.960000 0.940000 0.110941
0.980000 0.940000 0.009683

0.000000 0.920000 0.009737
0.020000 0.920000 0.127507
0.040000 0.920000 0.230628
0.060000 0.920000 0.321826
0.080000 0.920000 0.403210
0.100000 0.920000 0.476376
0.120000 0.920000 0.542531
0.140000 0.920000 0.602602
0.160000 0.920000 0.657306
0.180000 0.920000 0.707212
0.200000 0.920000 0.752774
0.220000 0.920000 0.794361
0.240000 0.920000 0.832278
0.260000 0.920000 0.866774
0.280000 0.920000 0.898058
0.300000 0.920000 0.926305
0.320000 0.920000 0.951659
0.340000 0.920000 0.974240
0.360000 0.920000 0.994149
0.380000 0.920000 1.011464
0.400000 0.920000 1.026251
0.420000 0.920000 1.038556
0.440000 0.920000 1.048415
0.460000 0.920000 1.055847
0.480000 0.920000 1.060859
0.500000 0.920000 1.063446
0.520000 0.920000 1.063590
0.540000 0.920000 1.061259
0.560000 0.920000 1.056409
0.580000 0.920000 1.048982
0.600000 0.920000 1.038903
0.620000 0.920000 1.026085
0.640000 0.920000 1.010420
0.660000 0.920000 0.991781
0.680000 0.920000 0.970021
0.700000 0.920000 0.944966
0.720000 0.920000 0.916415
0.740000 0.920000 0.884131
0.760000 0.920000 0.847837
0.780000 0.920000 0.807208
0.800000 0.920000 0.761854
0.820000 0.920000 0.711313
0.840000 0.920000 0.655021
0.860000 0.920000 0.592286
0.880000 0.920000 0.522243
0.900000 0.920000 0.443794
0.920000 0.920000 0.355518
0.940000 0.920000 0.255546
0.960000 0.920000 0.141405
0.980000 0.920000 0.009854

0.000000 0.900000 0.009863
0.020000 0.900000 0.150525
0.040000 0.900000 0.275861
0.060000 0.900000 0.388149
0.080000 0.900000 0.489288
0.100000 0.900000 0.580820
0.120000 0.900000 0.663980
0.140000 0.900000 0.739755
0.160000 0.900000 0.808942
0.180000 0.900000 0.872185
0.200000 0.900000 0.930013
0.220000 0.900000 0.982860
0.240000 0.900000 1.031089
0.260000 0.900000 1.075001
0.280000 0.900000 1.114850
0.300000 0.900000 1.150848
0.320000 0.900000 1.183173
0.340000 0.900000 1.211974
0.360000 0.900000 1.237374
0.380000 0.900000 1.259470
0.400000 0.900000 1.278344
0.420000 0.900000 1.294053
0.440000 0.900000 1.306641
0.460000 0.900000 1.316131
0.480000 0.900000 1.322533
0.500000 0.900000 1.325839
0.520000 0.900000 1.326026
0.540000 0.900000 1.323053
0.560000 0.900000 1.316865
0.580000 0.900000 1.307388
0.600000 0.900000 1.294528
0.620000 0.900000 1.278174
0.640000 0.900000 1.258191
0.660000 0.900000 1.234421
0.680000 0.900000 1.206678
0.700000 0.900000 1.174747
0.720000 0.900000 1.138375
0.740000 0.900000 1.097272
0.760000 0.900000 1.051095
0.780000 0.900000 0.999446
0.800000 0.900000 0.941856
0.820000 0.900000 0.877765
0.840000 0.900000 0.806510
0.860000 0.900000 0.727285
0.880000 0.900000 0.639111
0.900000 0.900000 0.540778
0.920000 0.900000 0.430788
0.940000 0.900000 0.307269
0.960000 0.900000 0.167907
0.980000 0.900000 0.009898

0.000000 0.880000 0.009899
0.020000 0.880000 0.170651
0.040000 0.880000 0.315732
0.060000 0.880000 0.447042
0.080000 0.880000 0.566253
0.100000 0.880000 0.674795
0.120000 0.880000 0.773863
0.140000 0.880000 0.864454
0.160000 0.880000 0.947395
0.180000 0.880000 1.023373
0.200000 0.880000 1.092962
0.220000 0.880000 1.156645
0.240000 0.880000 1.214825
0.260000 0.880000 1.267846
0.280000 0.880000 1.315996
0.300000 0.880000 1.359520
0.320000 0.880000 1.398622
0.340000 0.880000 1.433476
0.360000 0.880000 1.464224
0.380000 0.880000 1.490983
0.400000 0.880000 1.513843
0.420000 0.880000 1.532875
0.440000 0.880000 1.548128
0.460000 0.880000 1.559630
0.480000 0.880000 1.567391
0.500000 0.880000 1.571401
0.520000 0.880000 1.571631
0.540000 0.880000 1.568035
0.560000 0.880000 1.560543
0.580000 0.880000 1.549067
0.600000 0.880000 1.533497
0.620000 0.880000 1.513698
0.640000 0.880000 1.489512
0.660000 0.880000 1.460749
0.680000 0.880000 1.427191
0.700000 0.880000 1.388582
0.720000 0.880000 1.344629
0.740000 0.880000 1.294989
0.760000 0.880000 1.239267
0.780000 0.880000 1.177002
0.800000 0.880000 1.107658
0.820000 0.880000 1.030607
0.840000 0.880000 0.945105
0.860000 0.880000 0.850276
0.880000 0.880000 0.745069
0.900000 0.880000 0.628231
0.920000 0.880000 0.498256
0.940000 0.880000 0.353346
0.960000 0.880000 0.191377
0.980000 0.880000 0.009909

0.000000 0.860000 0.009909
0.020000 0.860000 0.188482
0.040000 0.860000 0.351210
0.060000 0.860000 0.499693
0.080000 0.860000 0.635395
0.100000 0.860000 0.759613
0.120000 0.860000 0.873474
0.140000 0.860000 0.977947
0.160000 0.860000 1.073857
0.180000 0.860000 1.161908
0.200000 0.860000 1.242698
0.220000 0.860000 1.316736
0.240000 0.860000 1.384457
0.260000 0.860000 1.446233
0.280000 0.860000 1.502378
0.300000 0.860000 1.553164
0.320000 0.860000 1.598816
0.340000 0.860000 1.639527
0.360000 0.860000 1.675457
0.380000 0.860000 1.706735
0.400000 0.860000 1.733464
0.420000 0.860000 1.755722
0.440000 0.860000 1.773564
0.460000 0.860000 1.787022
0.480000 0.860000 1.796105
0.500000 0.860000 1.800801
0.520000 0.860000 1.801077
0.540000 0.860000 1.796877
0.560000 0.860000 1.788121
0.580000 0.860000 1.774709
0.600000 0.860000 1.756512
0.620000 0.860000 1.733377
0.640000 0.860000 1.705120
0.660000 0.860000 1.671528
0.680000 0.860000 1.632350
0.700000 0.860000 1.587298
0.720000 0.860000 1.536039
0.740000 0.860000 1.478189
0.760000 0.860000 1.413307
0.780000 0.860000 1.340883
0.800000 0.860000 1.260329
0.820000 0.860000 1.170963
0.840000 0.860000 1.071993
0.860000 0.860000 0.962493
0.880000 0.860000 0.841385
0.900000 0.860000 0.707407
0.920000 0.860000 0.559088
0.940000 0.860000 0.394727
0.960000 0.860000 0.212387
0.980000 0.860000 0.009912

0.000000 0.840000 0.009912
0.020000 0.840000 0.204413
0.040000 0.840000 0.382988
0.060000 0.840000 0.547000
0.080000 0.840000 0.697733
0.100000 0.840000 0.836355
0.120000 0.840000 0.963911
0.140000 0.840000 1.081321
0.160000 0.840000 1.189389
0.180000 0.840000 1.288815
0.200000 0.840000 1.380204
0.220000 0.840000 1.464078
0.240000 0.840000 1.540890
0.260000 0.840000 1.611030
0.280000 0.840000 1.674832
0.300000 0.840000 1.732583
0.320000 0.840000 1.784530
0.340000 0.840000 1.830877
0.360000 0.840000 1.871799
0.380000 0.840000 1.907435
0.400000 0.840000 1.937898
0.420000 0.840000 1.963273
0.440000 0.840000 1.983618
0.460000 0.840000 1.998967
0.480000 0.840000 2.009330
0.500000 0.840000 2.014692
0.520000 0.840000 2.015014
0.540000 0.840000 2.010233
0.560000 0.840000 2.000261
0.580000 0.840000 1.984981
0.600000 0.840000 1.964253
0.620000 0.840000 1.937903
0.640000 0.840000 1.905728
0.660000 0.840000 1.867490
0.680000 0.840000 1.822913
0.700000 0.840000 1.771678
0.720000 0.840000 1.713421
0.740000 0.840000 1.647722
0.760000 0.840000 1.574103
0.780000 0.840000 1.492017
0.800000 0.840000 1.400836
0.820000 0.840000 1.299842
0.840000 0.840000 1.188209
0.860000 0.840000 1.064991
0.880000 0.840000 0.929102
0.900000 0.840000 0.779298
0.920000 0.840000 0.614162
0.940000 0.840000 0.432097
0.960000 0.840000 0.231325
0.980000 0.840000 0.009912

0.000000 0.820000 0.009912
0.020000 0.820000 0.218725
0.040000 0.820000 0.411580
0.060000 0.820000 0.589657
0.080000 0.820000 0.754084
0.100000 0.820000 0.905912
0.120000 0.820000 1.046102
0.140000 0.820000 1.175516
0.160000 0.820000 1.294927
0.180000 0.820000 1.405014
0.200000 0.820000 1.506377
0.220000 0.820000 1.599541
0.240000 0.820000 1.684966
0.260000 0.820000 1.763051
0.280000 0.820000 1.834142
0.300000 0.820000 1.898540
0.320000 0.820000 1.956501
0.340000 0.820000 2.008242
0.360000 0.820000 2.053947
0.380000 0.820000 2.093764
0.400000 0.820000 2.127812
0.420000 0.820000 2.156181
0.440000 0.820000 2.178933
0.460000 0.820000 2.196102
0.480000 0.820000 2.207698
0.500000 0.820000 2.213703
0.520000 0.820000 2.214072
0.540000 0.820000 2.208736
0.560000 0.820000 2.197597
0.580000 0.820000 2.180527
0.600000 0.820000 2.157372
0.620000 0.820000 2.127942
0.640000 0.820000 2.092016
0.660000 0.820000 2.049334
0.680000 0.820000 1.999598
0.700000 0.820000 1.942464
0.720000 0.820000 1.877541
0.740000 0.820000 1.804380
0.760000 0.820000 1.722476
0.780000 0.820000 1.631251
0.800000 0.820000 1.530051
0.820000 0.820000 1.418133
0.840000 0.820000 1.294656
0.860000 0.820000 1.158666
0.880000 0.820000 1.009085
0.900000 0.820000 0.844703
0.920000 0.820000 0.664162
0.940000 0.820000 0.465963
0.960000 0.820000 0.248465
0.980000 0.820000 0.009913

0.000000 0.800000 0.009913
0.020000 0.800000 0.231626
0.040000 0.800000 0.437380
0.060000 0.800000 0.628207
0.080000 0.800000 0.805105
0.100000 0.800000 0.969021
0.120000 0.800000 1.120833
0.140000 0.800000 1.261348
0.160000 0.800000 1.391293
0.180000 0.800000 1.511325
0.200000 0.800000 1.622028
0.220000 0.800000 1.723920
0.240000 0.800000 1.817460
0.260000 0.800000 1.903051
0.280000 0.800000 1.981046
0.300000 0.800000 2.051749
0.320000 0.800000 2.115426
0.340000 0.800000 2.172302
0.360000 0.800000 2.222565
0.380000 0.800000 2.266371
0.400000 0.800000 2.303843
0.420000 0.800000 2.335073
0.440000 0.800000 2.360127
0.460000 0.800000 2.379039
0.480000 0.800000 2.391815
0.500000 0.800000 2.398437
0.520000 0.800000 2.398855
0.540000 0.800000 2.392991
0.560000 0.800000 2.380740
0.580000 0.800000 2.361964
0.600000 0.800000 2.336495
0.620000 0.800000 2.304130
0.640000 0.800000 2.264631
0.660000 0.800000 2.217722
0.680000 0.800000 2.163083
0.700000 0.800000 2.100352
0.720000 0.800000 2.029113
0.740000 0.800000 1.948898
0.760000 0.800000 1.859178
0.780000 0.800000 1.759355
0.800000 0.800000 1.648756
0.820000 0.800000 1.526626
0.840000 0.800000 1.392116
0.860000 0.800000 1.244279
0.880000 0.800000 1.082054
0.900000 0.800000 0.904268
0.920000 0.800000 0.709627
0.940000 0.800000 0.496718
0.960000 0.800000 0.264019
0.980000 0.800000 0.009913

0.000000 0.780000 0.009913
0.020000 0.780000 0.243277
0.040000 0.780000 0.460699
0.060000 0.780000 0.663089
0.080000 0.780000 0.851337
0.100000 0.780000 1.026298
0.120000 0.780000 1.188776
0.140000 0.780000 1.339518
0.160000 0.780000 1.479210
0.180000 0.780000 1.608478
0.200000 0.780000 1.727884
0.220000 0.780000 1.837936
0.240000 0.780000 1.939085
0.260000 0.780000 2.031730
0.280000 0.780000 2.116226
0.300000 0.780000 2.192880
0.320000 0.780000 2.261961
0.340000 0.780000 2.323697
0.360000 0.780000 2.378281
0.380000 0.780000 2.425871
0.400000 0.780000 2.466595
0.420000 0.780000 2.500546
0.440000 0.780000 2.527790
0.460000 0.780000 2.548360
0.480000 0.780000 2.562263
0.500000 0.780000 2.569474
0.520000 0.780000 2.569940
0.540000 0.780000 2.563578
0.560000 0.780000 2.550272
0.580000 0.780000 2.529878
0.600000 0.780000 2.502215
0.620000 0.780000 2.467069
0.640000 0.780000 2.424186
0.660000 0.780000 2.373277
0.680000 0.780000 2.314005
0.700000 0.780000 2.245990
0.720000 0.780000 2.168801
0.740000 0.780000 2.081952
0.760000 0.780000 1.984896
0.780000 0.780000 1.877024
0.800000 0.780000 1.757650
0.820000 0.780000 1.626015
0.840000 0.780000 1.481271
0.860000 0.780000 1.322482
0.880000 0.780000 1.148612
0.900000 0.780000 0.958528
0.920000 0.780000 0.750994
0.940000 0.780000 0.524675
0.960000 0.780000 0.278148
0.980000 0.780000 0.009913

0.000000 0.760000 0.009913
0.020000 0.760000 0.253808
0.040000 0.760000 0.481786
0.060000 0.760000 0.694658
0.080000 0.760000 0.893225
0.100000 0.760000 1.078260
0.120000 0.760000 1.250500
0.140000 0.760000 1.410636
0.160000 0.760000 1.559313
0.180000 0.760000 1.697121
0.200000 0.760000 1.824601
0.220000 0.760000 1.942244
0.240000 0.760000 2.050488
0.260000 0.760000 2.149729
0.280000 0.760000 2.240316
0.300000 0.760000 2.322556
0.320000 0.760000 2.396716
0.340000 0.760000 2.463028
0.360000 0.760000 2.521685
0.380000 0.760000 2.572847
0.400000 0.760000 2.616642
0.420000 0.760000 2.653165
0.440000 0.760000 2.682480
0.460000 0.760000 2.704621
0.480000 0.760000 2.719591
0.500000 0.760000 2.727362
0.520000 0.760000 2.727877
0.540000 0.760000 2.721046
0.560000 0.760000 2.706748
0.580000 0.760000 2.684827
0.600000 0.760000 2.655095
0.620000 0.760000 2.617327
0.640000 0.760000 2.571258
0.660000 0.760000 2.516584
0.680000 0.760000 2.452957
0.700000 0.760000 2.379983
0.720000 0.760000 2.297217
0.740000 0.760000 2.204160
0.760000 0.760000 2.100257
0.780000 0.760000 1.984885
0.800000 0.760000 1.857358
0.820000 0.760000 1.716914
0.840000 0.760000 1.562714
0.860000 0.760000 1.393835
0.880000 0.760000 1.209271
0.900000 0.760000 1.007926
0.920000 0.760000 0.788619
0.940000 0.760000 0.550085
0.960000 0.760000 0.290985
0.980000 0.760000 0.009913

0.000000 0.740000 0.009913
0.020000 0.740000 0.263321
0.040000 0.740000 0.500844
0.060000 0.740000 0.723211
0.080000 0.740000 0.931144
0.100000 0.740000 1.125346
0.120000 0.740000 1.306495
0.140000 0.740000 1.475230
0.160000 0.740000 1.632155
0.180000 0.740000 1.777828
0.200000 0.740000 1.912763
0.220000 0.740000 2.037432
0.240000 0.740000 2.152262
0.260000 0.740000 2.257636
0.280000 0.740000 2.353898
0.300000 0.740000 2.441351
0.320000 0.740000 2.520261
0.340000 0.740000 2.590856
0.360000 0.740000 2.653330
0.380000 0.740000 2.707844
0.400000 0.740000 2.754523
0.420000 0.740000 2.793464
0.440000 0.740000 2.824728
0.460000 0.740000 2.848347
0.480000 0.740000 2.864323
0.500000 0.740000 2.872623
0.520000 0.740000 2.873186
0.540000 0.740000 2.865917
0.560000 0.740000 2.850687
0.580000 0.740000 2.827336
0.600000 0.740000 2.795665
0.620000 0.740000 2.755439
0.640000 0.740000 2.706386
0.660000 0.740000 2.648189
0.680000 0.740000 2.580492
0.700000 0.740000 2.502888
0.720000 0.740000 2.414923
0.740000 0.740000 2.316091
0.760000 0.740000 2.205825
0.780000 0.740000 2.083503
0.800000 0.740000 1.948435
0.820000 0.740000 1.799863
0.840000 0.740000 1.636960
0.860000 0.740000 1.458820
0.880000 0.740000 1.264465
0.900000 0.740000 1.052836
0.920000 0.740000 0.822801
0.940000 0.740000 0.573158
0.960000 0.740000 0.302636
0.980000 0.740000 0.009913

0.000000 0.720000 0.009913
0.020000 0.720000 0.271904
0.040000 0.720000 0.518045
0.060000 0.720000 0.748994
0.080000 0.720000 0.965408
0.100000 0.720000 1.167929
0.120000 0.720000 1.357181
0.140000 0.720000 1.533759
0.160000 0.720000 1.698225
0.180000 0.720000 1.851106
0.200000 0.720000 1.992892
0.220000 0.720000 2.124033
0.240000 0.720000 2.244940
0.260000 0.720000 2.355986
0.280000 0.720000 2.457506
0.300000 0.720000 2.549797
0.320000 0.720000 2.633120
0.340000 0.720000 2.707701
0.360000 0.720000 2.773732
0.380000 0.720000 2.831371
0.400000 0.720000 2.880743
0.420000 0.720000 2.921942
0.440000 0.720000 2.955027
0.460000 0.720000 2.980030
0.480000 0.720000 2.996947
0.500000 0.720000 3.005744
0.520000 0.720000 3.006354
0.540000 0.720000 2.998678
0.560000 0.720000 2.982581
0.580000 0.720000 2.957896
0.600000 0.720000 2.924417
0.620000 0.720000 2.881903
0.640000 0.720000 2.830071
0.660000 0.720000 2.768599
0.680000 0.720000 2.697119
0.700000 0.720000 2.615218
0.720000 0.720000 2.522435
0.740000 0.720000 2.418257
0.760000 0.720000 2.302115
0.780000 0.720000 2.173383
0.800000 0.720000 2.031375
0.820000 0.720000 1.875340
0.840000 0.720000 1.704461
0.860000 0.720000 1.517854
0.880000 0.720000 1.314565
0.900000 0.720000 1.093574
0.920000 0.720000 0.853791
0.940000 0.720000 0.594066
0.960000 0.720000 0.313192
0.980000 0.720000 0.009913

0.000000 0.700000 0.009913
0.020000 0.700000 0.279629
0.040000 0.700000 0.533529
0.060000 0.700000 0.772214
0.080000 0.700000 0.996283
0.100000 0.700000 1.206328
0.120000 0.700000 1.402923
0.140000 0.700000 1.586621
0.160000 0.700000 1.757950
0.180000 0.700000 1.917405
0.200000 0.700000 2.065452
0.220000 0.700000 2.202520
0.240000 0.700000 2.329004
0.260000 0.700000 2.445264
0.280000 0.700000 2.551626
0.300000 0.700000 2.648378
0.320000 0.700000 2.735777
0.340000 0.700000 2.814044
0.360000 0.700000 2.883367
0.380000 0.700000 2.943901
0.400000 0.700000 2.995770
0.420000 0.700000 3.039064
0.440000 0.700000 3.073842
0.460000 0.700000 3.100129
0.480000 0.700000 3.117922
0.500000 0.700000 3.127182
0.520000 0.700000 3.127838
0.540000 0.700000 3.119786
0.560000 0.700000 3.102887
0.580000 0.700000 3.076966
0.600000 0.700000 3.041814
0.620000 0.700000 2.997182
0.640000 0.700000 2.942780
0.660000 0.700000 2.878279
0.680000 0.700000 2.803307
0.700000 0.700000 2.717443
0.720000 0.700000 2.620222
0.740000 0.700000 2.511126
0.760000 0.700000 2.389586
0.780000 0.700000 2.254977
0.800000 0.700000 2.106617
0.820000 0.700000 1.943762
0.840000 0.700000 1.765611
0.860000 0.700000 1.571298
0.880000 0.700000 1.359894
0.900000 0.700000 1.130411
0.920000 0.700000 0.881800
0.940000 0.700000 0.612956
0.960000 0.700000 0.322727
0.980000 0.700000 0.009913

0.000000 0.680000 0.009913
0.020000 0.680000 0.286556
0.040000 0.680000 0.547418
0.060000 0.680000 0.793048
0.080000 0.680000 1.023999
0.100000 0.680000 1.240816
0.120000 0.680000 1.444033
0.140000 0.680000 1.634164
0.160000 0.680000 1.811704
0.180000 0.680000 1.977121
0.200000 0.680000 2.130855
0.220000 0.680000 2.273318
0.240000 0.680000 2.404887
0.260000 0.680000 2.525909
0.280000 0.680000 2.636699
0.300000 0.680000 2.737538
0.320000 0.680000 2.828674
0.340000 0.680000 2.910325
0.360000 0.680000 2.982673
0.380000 0.680000 3.045871
0.400000 0.680000 3.100038
0.420000 0.680000 3.145262
0.440000 0.680000 3.181599
0.460000 0.680000 3.209072
0.480000 0.680000 3.227673
0.500000 0.680000 3.237361
0.520000 0.680000 3.238061
0.540000 0.680000 3.229664
0.560000 0.680000 3.212027
0.580000 0.680000 3.184971
0.600000 0.680000 3.148280
0.620000 0.680000 3.101701
0.640000 0.680000 3.044939
0.660000 0.680000 2.977659
0.680000 0.680000 2.899484
0.700000 0.680000 2.809990
0.720000 0.680000 2.708708
0.740000 0.680000 2.595119
0.760000 0.680000 2.468653
0.780000 0.680000 2.328689
0.800000 0.680000 2.174549
0.820000 0.680000 2.005502
0.840000 0.680000 1.820757
0.860000 0.680000 1.619466
0.880000 0.680000 1.400727
0.900000 0.680000 1.163580
0.920000 0.680000 0.907010
0.940000 0.680000 0.629955
0.960000 0.680000 0.331305
0.980000 0.680000 0.009913

0.000000 0.660000 0.009913
0.020000 0.660000 0.292737
0.040000 0.660000 0.559812
0.060000 0.660000 0.811647
0.080000 0.660000 1.048751
0.100000 0.660000 1.271630
0.120000 0.660000 1.480782
0.140000 0.660000 1.676688
0.160000 0.660000 1.859814
0.180000 0.660000 2.030601
0.200000 0.660000 2.189467
0.220000 0.660000 2.336804
0.240000 0.660000 2.472976
0.260000 0.660000 2.598314
0.280000 0.660000 2.713123
0.300000 0.660000 2.817675
0.320000 0.660000 2.912212
0.340000 0.660000 2.996944
0.360000 0.660000 3.072050
0.380000 0.660000 3.137678
0.400000 0.660000 3.193944
0.420000 0.660000 3.240931
0.440000 0.660000 3.278693
0.460000 0.660000 3.307251
0.480000 0.660000 3.326592
0.500000 0.660000 3.336672
0.520000 0.660000 3.337412
0.540000 0.660000 3.328701
0.560000 0.660000 3.310392
0.580000 0.660000 3.282300
0.600000 0.660000 3.244206
0.620000 0.660000 3.195852
0.640000 0.660000 3.136939
0.660000 0.660000 3.067129
0.680000 0.660000 2.986040
0.700000 0.660000 2.893246
0.720000 0.660000 2.788277
0.740000 0.660000 2.670612
0.760000 0.660000 2.539685
0.780000 0.660000 2.394877
0.800000 0.660000 2.235517
0.820000 0.660000 2.060883
0.840000 0.660000 1.870198
0.860000 0.660000 1.662633
0.880000 0.660000 1.437304
0.900000 0.660000 1.193280
0.920000 0.660000 0.929577
0.940000 0.660000 0.645167
0.960000 0.660000 0.338981
0.980000 0.660000 0.009913

0.000000 0.640000 0.009913
0.020000 0.640000 0.298215
0.040000 0.640000 0.570800
0.060000 0.640000 0.828138
0.080000 0.640000 1.070705
0.100000 0.640000 1.298972
0.120000 0.640000 1.513405
0.140000 0.640000 1.714457
0.160000 0.640000 1.902565
0.180000 0.640000 2.078150
0.200000 0.640000 2.241609
0.220000 0.640000 2.393314
0.240000 0.640000 2.533614
0.260000 0.640000 2.662830
0.280000 0.640000 2.781254
0.300000 0.640000 2.889151
0.320000 0.640000 2.986753
0.340000 0.640000 3.074266
0.360000 0.640000 3.151863
0.380000 0.640000 3.219686
0.400000 0.640000 3.277849
0.420000 0.640000 3.326432
0.440000 0.640000 3.365485
0.460000 0.640000 3.395024
0.480000 0.640000 3.415036
0.500000 0.640000 3.425471
0.520000 0.640000 3.426250
0.540000 0.640000 3.417255
0.560000 0.640000 3.398337
0.580000 0.640000 3.369309
0.600000 0.640000 3.329946
0.620000 0.640000 3.279989
0.640000 0.640000 3.219134
0.660000 0.640000 3.147040
0.680000 0.640000 3.063324
0.700000 0.640000 2.967559
0.720000 0.640000 2.859271
0.740000 0.640000 2.737944
0.760000 0.640000 2.603011
0.780000 0.640000 2.453858
0.800000 0.640000 2.289823
0.820000 0.640000 2.110191
0.840000 0.640000 1.914199
0.860000 0.640000 1.701033
0.880000 0.640000 1.469831
0.900000 0.640000 1.219683
0.920000 0.640000 0.949633
0.940000 0.640000 0.658684
0.960000 0.640000 0.345801
0.980000 0.640000 0.009913

0.000000 0.620000 0.009913
0.020000 0.620000 0.303028
0.040000 0.620000 0.580454
0.060000 0.620000 0.842631
0.080000 0.620000 1.090004
0.100000 0.620000 1.323015
0.120000 0.620000 1.542103
0.140000 0.620000 1.747695
0.160000 0.620000 1.940207
0.180000 0.620000 2.120036
0.200000 0.620000 2.287561
0.220000 0.620000 2.443140
0.240000 0.620000 2.587106
0.260000 0.620000 2.719769
0.280000 0.620000 2.841410
0.300000 0.620000 2.952285
0.320000 0.620000 3.052621
0.340000 0.620000 3.142615
0.360000 0.620000 3.222435
0.380000 0.620000 3.292221
0.400000 0.620000 3.352081
0.420000 0.620000 3.402091
0.440000 0.620000 3.442298
0.460000 0.620000 3.472717
0.480000 0.620000 3.493328
0.500000 0.620000 3.504082
0.520000 0.620000 3.504894
0.540000 0.620000 3.495646
0.560000 0.620000 3.476184
0.580000 0.620000 3.446318
0.600000 0.620000 3.405822
0.620000 0.620000 3.354431
0.640000 0.620000 3.291842
0.660000 0.620000 3.217711
0.680000 0.620000 3.131652
0.700000 0.620000 3.033238
0.720000 0.620000 2.921996
0.740000 0.620000 2.797411
0.760000 0.620000 2.658919
0.780000 0.620000 2.505911
0.800000 0.620000 2.337731
0.820000 0.620000 2.153674
0.840000 0.620000 1.952987
0.860000 0.620000 1.734873
0.880000 0.620000 1.498486
0.900000 0.620000 1.242936
0.920000 0.620000 0.967293
0.940000 0.620000 0.670585
0.960000 0.620000 0.351804
0.980000 0.620000 0.009913

0.000000 0.600000 0.009913
0.020000 0.600000 0.307208
0.040000 0.600000 0.588838
0.060000 0.600000 0.855219
0.080000 0.600000 1.106770
0.100000 0.600000 1.343908
0.120000 0.600000 1.567049
0.140000 0.600000 1.776599
0.160000 0.600000 1.972952
0.180000 0.600000 2.156487
0.200000 0.600000 2.327568
0.220000 0.600000 2.486538
0.240000 0.600000 2.633717
0.260000 0.600000 2.769403
0.280000 0.600000 2.893869
0.300000 0.600000 3.007362
0.320000 0.600000 3.110101
0.340000 0.600000 3.202279
0.360000 0.600000 3.284059
0.380000 0.600000 3.355575
0.400000 0.600000 3.416930
0.420000 0.600000 3.468199
0.440000 0.600000 3.509425
0.460000 0.600000 3.540619
0.480000 0.600000 3.561760
0.500000 0.600000 3.572795
0.520000 0.600000 3.573636
0.540000 0.600000 3.564163
0.560000 0.600000 3.544220
0.580000 0.600000 3.513615
0.600000 0.600000 3.472118
0.620000 0.600000 3.419463
0.640000 0.600000 3.355346
0.660000 0.600000 3.279420
0.680000 0.600000 3.191299
0.700000 0.600000 3.090557
0.720000 0.600000 2.976720
0.740000 0.600000 2.849276
0.760000 0.600000 2.707663
0.780000 0.600000 2.551279
0.800000 0.600000 2.379471
0.820000 0.600000 2.191545
0.840000 0.600000 1.986759
0.860000 0.600000 1.764328
0.880000 0.600000 1.523421
0.900000 0.600000 1.263167
0.920000 0.600000 0.982654
0.940000 0.600000 0.680934
0.960000 0.600000 0.357025
0.980000 0.600000 0.009913

0.000000 0.580000 0.009913
0.020000 0.580000 0.310779
0.040000 0.580000 0.596004
0.060000 0.580000 0.865980
0.080000 0.580000 1.121105
0.100000 0.580000 1.361777
0.120000 0.580000 1.588390
0.140000 0.580000 1.801333
0.160000 0.580000 2.000982
0.180000 0.580000 2.187702
0.200000 0.580000 2.361841
0.220000 0.580000 2.523729
0.240000 0.580000 2.673676
0.260000 0.580000 2.811969
0.280000 0.580000 2.938873
0.300000 0.580000 3.054627
0.320000 0.580000 3.159445
0.340000 0.580000 3.253513
0.360000 0.580000 3.336988
0.380000 0.580000 3.410001
0.400000 0.580000 3.472652
0.420000 0.580000 3.525012
0.440000 0.580000 3.567121
0.460000 0.580000 3.598987
0.480000 0.580000 3.620586
0.500000 0.580000 3.631863
0.520000 0.580000 3.632729
0.540000 0.580000 3.623061
0.560000 0.580000 3.602699
0.580000 0.580000 3.571451
0.600000 0.580000 3.529086
0.620000 0.580000 3.475335
0.640000 0.580000 3.409893
0.660000 0.580000 3.332413
0.680000 0.580000 3.242509
0.700000 0.580000 3.139754
0.720000 0.580000 3.023676
0.740000 0.580000 2.893764
0.760000 0.580000 2.749462
0.780000 0.580000 2.590169
0.800000 0.580000 2.415241
0.820000 0.580000 2.223990
0.840000 0.580000 2.015684
0.860000 0.580000 1.789547
0.880000 0.580000 1.544765
0.900000 0.580000 1.280480
0.920000 0.580000 0.995798
0.940000 0.580000 0.689789
0.960000 0.580000 0.361491
0.980000 0.580000 0.009913

0.000000 0.560000 0.009913
0.020000 0.560000 0.313766
0.040000 0.560000 0.601995
0.060000 0.560000 0.874978
0.080000 0.560000 1.133094
0.100000 0.560000 1.376725
0.120000 0.560000 1.606248
0.140000 0.560000 1.822036
0.160000 0.560000 2.024452
0.180000 0.560000 2.213847
0.200000 0.560000 2.390556
0.220000 0.560000 2.554900
0.240000 0.560000 2.707178
0.260000 0.560000 2.847669
0.280000 0.560000 2.976630
0.300000 0.560000 3.094294
0.320000 0.560000 3.200867
0.340000 0.560000 3.296532
0.360000 0.560000 3.381442
0.380000 0.560000 3.455722
0.400000 0.560000 3.519470
0.420000 0.560000 3.572753
0.440000 0.560000 3.615609
0.460000 0.560000 3.648043
0.480000 0.560000 3.670029
0.500000 0.560000 3.681510
0.520000 0.560000 3.682395
0.540000 0.560000 3.672558
0.560000 0.560000 3.651841
0.580000 0.560000 3.620046
0.600000 0.560000 3.576943
0.620000 0.560000 3.522263
0.640000 0.560000 3.455698
0.660000 0.560000 3.376902
0.680000 0.560000 3.285489
0.700000 0.560000 3.181032
0.720000 0.560000 3.063063
0.740000 0.560000 2.931070
0.760000 0.560000 2.784501
0.780000 0.560000 2.622759
0.800000 0.560000 2.445207
0.820000 0.560000 2.251162
0.840000 0.560000 2.039900
0.860000 0.560000 1.810657
0.880000 0.560000 1.562627
0.900000 0.560000 1.294965
0.920000 0.560000 1.006793
0.940000 0.560000 0.697196
0.960000 0.560000 0.365227
0.980000 0.560000 0.009913

0.000000 0.540000 0.009913
0.020000 0.540000 0.316184
0.040000 0.540000 0.606849
0.060000 0.540000 0.882268
0.080000 0.540000 1.142809
0.100000 0.540000 1.388839
0.120000 0.540000 1.620724
0.140000 0.540000 1.838823
0.160000 0.540000 2.043488
0.180000 0.540000 2.235058
0.200000 0.540000 2.413861
0.220000 0.540000 2.580206
0.240000 0.540000 2.734386
0.260000 0.540000 2.876672
0.280000 0.540000 3.007314
0.300000 0.540000 3.126539
0.320000 0.540000 3.234549
0.340000 0.540000 3.331521
0.360000 0.540000 3.417605
0.380000 0.540000 3.492924
0.400000 0.540000 3.557570
0.420000 0.540000 3.611610
0.440000 0.540000 3.655077
0.460000 0.540000 3.687975
0.480000 0.540000 3.710277
0.500000 0.540000 3.721924
0.520000 0.540000 3.722821
0.540000 0.540000 3.712844
0.560000 0.540000 3.691830
0.580000 0.540000 3.659584
0.600000 0.540000 3.615874
0.620000 0.540000 3.560428
0.640000 0.540000 3.492940
0.660000 0.540000 3.413064
0.680000 0.540000 3.320414
0.700000 0.540000 3.214563
0.720000 0.540000 3.095045
0.740000 0.540000 2.961352
0.760000 0.540000 2.812933
0.780000 0.540000 2.649195
0.800000 0.540000 2.469506
0.820000 0.540000 2.273188
0.840000 0.540000 2.059525
0.860000 0.540000 1.827759
0.880000 0.540000 1.577093
0.900000 0.540000 1.306696
0.920000 0.540000 1.015696
0.940000 0.540000 0.703191
0.960000 0.540000 0.368251
0.980000 0.540000 0.009913

0.000000 0.520000 0.009913
0.020000 0.520000 0.318049
0.040000 0.520000 0.610591
0.060000 0.520000 0.887891
0.080000 0.520000 1.150303
0.100000 0.520000 1.398187
0.120000 0.520000 1.631897
0.140000 0.520000 1.851784
0.160000 0.520000 2.058190
0.180000 0.520000 2.251447
0.200000 0.520000 2.431874
0.220000 0.520000 2.599774
0.240000 0.520000 2.755431
0.260000 0.520000 2.899113
0.280000 0.520000 3.031064
0.300000 0.520000 3.151506
0.320000 0.520000 3.260637
0.340000 0.520000 3.358629
0.360000 0.520000 3.445630
0.380000 0.520000 3.521759
0.400000 0.520000 3.587107
0.420000 0.520000 3.641737
0.440000 0.520000 3.685680
0.460000 0.520000 3.718939
0.480000 0.520000 3.741486
0.500000 0.520000 3.753258
0.520000 0.520000 3.754162
0.540000 0.520000 3.744070
0.560000 0.520000 3.722821
0.580000 0.520000 3.690218
0.600000 0.520000 3.646027
0.620000 0.520000 3.589979
0.640000 0.520000 3.521766
0.660000 0.520000 3.441042
0.680000 0.520000 3.347423
0.700000 0.520000 3.240484
0.720000 0.520000 3.119758
0.740000 0.520000 2.984740
0.760000 0.520000 2.834882
0.780000 0.520000 2.669595
0.800000 0.520000 2.488248
0.820000 0.520000 2.290170
0.840000 0.520000 2.074649
0.860000 0.520000 1.840934
0.880000 0.520000 1.588235
0.900000 0.520000 1.315727
0.920000 0.520000 1.022549
0.940000 0.520000 0.707806
0.960000 0.520000 0.370578
0.980000 0.520000 0.009913

0.000000 0.500000 0.009913
0.020000 0.500000 0.319372
0.040000 0.500000 0.613245
0.060000 0.500000 0.891878
0.080000 0.500000 1.155619
0.100000 0.500000 1.404820
0.120000 0.500000 1.639828
0.140000 0.500000 1.860988
0.160000 0.500000 2.068635
0.180000 0.500000 2.263096
0.200000 0.500000 2.444684
0.220000 0.500000 2.613697
0.240000 0.500000 2.770414
0.260000 0.500000 2.915098
0.280000 0.500000 3.047990
0.300000 0.500000 3.169307
0.320000 0.500000 3.279245
0.340000 0.500000 3.377973
0.360000 0.500000 3.465635
0.380000 0.500000 3.542348
0.400000 0.500000 3.608201
0.420000 0.500000 3.663255
0.440000 0.500000 3.707540
0.460000 0.500000 3.741057
0.480000 0.500000 3.763776
0.500000 0.500000 3.775635
0.520000 0.500000 3.776538
0.540000 0.500000 3.766358
0.560000 0.500000 3.744932
0.580000 0.500000 3.712064
0.600000 0.500000 3.667520
0.620000 0.500000 3.611030
0.640000 0.500000 3.542288
0.660000 0.500000 3.460949
0.680000 0.500000 3.366627
0.700000 0.500000 3.258900
0.720000 0.500000 3.137303
0.740000 0.500000 3.001332
0.760000 0.500000 2.850442
0.780000 0.500000 2.684045
0.800000 0.500000 2.501515
0.820000 0.500000 2.302183
0.840000 0.500000 2.085342
0.860000 0.500000 1.850244
0.880000 0.500000 1.596104
0.900000 0.500000 1.322103
0.920000 0.500000 1.027385
0.940000 0.500000 0.711062
0.960000 0.500000 0.372219
0.980000 0.500000 0.009913

0.000000 0.480000 0.009913
0.020000 0.480000 0.320158
0.040000 0.480000 0.614824
0.060000 0.480000 0.894251
0.080000 0.480000 1.158785
0.100000 0.480000 1.408772
0.120000 0.480000 1.644558
0.140000 0.480000 1.866482
0.160000 0.480000 2.074877
0.180000 0.480000 2.270064
0.200000 0.480000 2.452355
0.220000 0.480000 2.622043
0.240000 0.480000 2.779406
0.260000 0.480000 2.924701
0.280000 0.480000 3.058169
0.300000 0.480000 3.180023
0.320000 0.480000 3.290456
0.340000 0.480000 3.389636
0.360000 0.480000 3.477704
0.380000 0.480000 3.554776
0.400000 0.480000 3.620939
0.420000 0.480000 3.676252
0.440000 0.480000 3.720745
0.460000 0.480000 3.754417
0.480000 0.480000 3.777237
0.500000 0.480000 3.789142
0.520000 0.480000 3.790037
0.540000 0.480000 3.779794
0.560000 0.480000 3.758250
0.580000 0.480000 3.725209
0.600000 0.480000 3.680437
0.620000 0.480000 3.623666
0.640000 0.480000 3.554589
0.660000 0.480000 3.472862
0.680000 0.480000 3.378101
0.700000 0.480000 3.269885
0.720000 0.480000 3.147751
0.740000 0.480000 3.011196
0.760000 0.480000 2.859677
0.780000 0.480000 2.692607
0.800000 0.480000 2.509363
0.820000 0.480000 2.309279
0.840000 0.480000 2.091649
0.860000 0.480000 1.855728
0.880000 0.480000 1.600735
0.900000 0.480000 1.325852
0.920000 0.480000 1.030226
0.940000 0.480000 0.712974
0.960000 0.480000 0.373183
0.980000 0.480000 0.009913

0.000000 0.460000 0.009913
0.020000 0.460000 0.320413
0.040000 0.460000 0.615336
0.060000 0.460000 0.895022
0.080000 0.460000 1.159817
0.100000 0.460000 1.410065
0.120000 0.460000 1.646110
0.140000 0.460000 1.868293
0.160000 0.460000 2.076944
0.180000 0.460000 2.272384
0.200000 0.460000 2.454922
0.220000 0.460000 2.624851
0.240000 0.460000 2.782447
0.260000 0.460000 2.927966
0.280000 0.460000 3.061646
0.300000 0.460000 3.183700
0.320000 0.460000 3.294319
0.340000 0.460000 3.393669
0.360000 0.460000 3.481891
0.380000 0.460000 3.559098
0.400000 0.460000 3.625376
0.420000 0.460000 3.680784
0.440000 0.460000 3.725351
0.460000 0.460000 3.759075
0.480000 0.460000 3.781924
0.500000 0.460000 3.793836
0.520000 0.460000 3.794715
0.540000 0.460000 3.784434
0.560000 0.460000 3.762829
0.580000 0.460000 3.729705
0.600000 0.460000 3.684830
0.620000 0.460000 3.627935
0.640000 0.460000 3.558715
0.660000 0.460000 3.476828
0.680000 0.460000 3.381891
0.700000 0.460000 3.273483
0.720000 0.460000 3.151144
0.740000 0.460000 3.014371
0.760000 0.460000 2.862622
0.780000 0.460000 2.695314
0.800000 0.460000 2.511823
0.820000 0.460000 2.311485
0.840000 0.460000 2.093594
0.860000 0.460000 1.857408
0.880000 0.460000 1.602145
0.900000 0.460000 1.326987
0.920000 0.460000 1.031083
0.940000 0.460000 0.713549
0.960000 0.460000 0.373472
0.980000 0.460000 0.009913

0.000000 0.440000 0.009913
0.020000 0.440000 0.320137
0.040000 0.440000 0.614782
0.060000 0.440000 0.894193
0.080000 0.440000 1.158716
0.100000 0.440000 1.408700
0.120000 0.440000 1.644489
0.140000 0.440000 1.866427
0.160000 0.440000 2.074844
0.180000 0.440000 2.270064
0.200000 0.440000 2.452395
0.220000 0.440000 2.622132
0.240000 0.440000 2.779550
0.260000 0.440000 2.924906
0.280000 0.440000 3.058437
0.300000 0.440000 3.180355
0.320000 0.440000 3.290852
0.340000 0.440000 3.390092
0.360000 0.440000 3.478215
0.380000 0.440000 3.555334
0.400000 0.440000 3.621534
0.420000 0.440000 3.676874
0.440000 0.440000 3.721381
0.460000 0.440000 3.755053
0.480000 0.440000 3.777861
0.500000 0.440000 3.789739
0.520000 0.440000 3.790594
0.540000 0.440000 3.780298
0.560000 0.440000 3.758689
0.580000 0.440000 3.725572
0.600000 0.440000 3.680716
0.620000 0.440000 3.623855
0.640000 0.440000 3.554684
0.660000 0.440000 3.472862
0.680000 0.440000 3.378009
0.700000 0.440000 3.269704
0.720000 0.440000 3.147489
0.740000 0.440000 3.010863
0.760000 0.440000 2.859284
0.780000 0.440000 2.692171
0.800000 0.440000 2.508899
0.820000 0.440000 2.308804
0.840000 0.440000 2.091181
0.860000 0.440000 1.855285
0.880000 0.440000 1.600334
0.900000 0.440000 1.325509
0.920000 0.440000 1.029955
0.940000 0.440000 0.712787
0.960000 0.440000 0.373087
0.980000 0.440000 0.009913

0.000000 0.420000 0.009913
0.020000 0.420000 0.319326
0.040000 0.420000 0.613158
0.060000 0.420000 0.891756
0.080000 0.420000 1.155474
0.100000 0.420000 1.404666
0.120000 0.420000 1.639682
0.140000 0.420000 1.860868
0.160000 0.420000 2.068561
0.180000 0.420000 2.263087
0.200000 0.420000 2.444758
0.220000 0.420000 2.613869
0.240000 0.420000 2.770699
0.260000 0.420000 2.915506
0.280000 0.420000 3.048527
0.300000 0.420000 3.169975
0.320000 0.420000 3.280041
0.340000 0.420000 3.378891
0.360000 0.420000 3.466664
0.380000 0.420000 3.543473
0.400000 0.420000 3.609402
0.420000 0.420000 3.664510
0.440000 0.420000 3.708824
0.460000 0.420000 3.742344
0.480000 0.420000 3.765037
0.500000 0.420000 3.776842
0.520000 0.420000 3.777663
0.540000 0.420000 3.767376
0.560000 0.420000 3.745818
0.580000 0.420000 3.712797
0.600000 0.420000 3.668083
0.620000 0.420000 3.611411
0.640000 0.420000 3.542479
0.660000 0.420000 3.460947
0.680000 0.420000 3.366436
0.700000 0.420000 3.258529
0.720000 0.420000 3.136767
0.740000 0.420000 3.000652
0.760000 0.420000 2.849642
0.780000 0.420000 2.683155
0.800000 0.420000 2.500568
0.820000 0.420000 2.301215
0.840000 0.420000 2.084388
0.860000 0.420000 1.849341
0.880000 0.420000 1.595288
0.900000 0.420000 1.321405
0.920000 0.420000 1.026833
0.940000 0.420000 0.710680
0.960000 0.420000 0.372023
0.980000 0.420000 0.009913

0.000000 0.400000 0.009913
0.020000 0.400000 0.317976
0.040000 0.400000 0.610450
0.060000 0.400000 0.887693
0.080000 0.400000 1.150068
0.100000 0.400000 1.397935
0.120000 0.400000 1.631655
0.140000 0.400000 1.851581
0.160000 0.400000 2.058056
0.180000 0.400000 2.251411
0.200000 0.400000 2.431965
0.220000 0.400000 2.600017
0.240000 0.400000 2.755848
0.260000 0.400000 2.899719
0.280000 0.400000 3.031868
0.300000 0.400000 3.152512
0.320000 0.400000 3.261842
0.340000 0.400000 3.360023
0.360000 0.400000 3.447195
0.380000 0.400000 3.523472
0.400000 0.400000 3.588938
0.420000 0.400000 3.643651
0.440000 0.400000 3.687640
0.460000 0.400000 3.720904
0.480000 0.400000 3.743412
0.500000 0.400000 3.755102
0.520000 0.400000 3.755882
0.540000 0.400000 3.745625
0.560000 0.400000 3.724174
0.580000 0.400000 3.691336
0.600000 0.400000 3.646885
0.620000 0.400000 3.590556
0.640000 0.400000 3.522051
0.660000 0.400000 3.441032
0.680000 0.400000 3.347122
0.700000 0.400000 3.239906
0.720000 0.400000 3.118926
0.740000 0.400000 2.983685
0.760000 0.400000 2.833643
0.780000 0.400000 2.668218
0.800000 0.400000 2.486783
0.820000 0.400000 2.288671
0.840000 0.400000 2.073173
0.860000 0.400000 1.839538
0.880000 0.400000 1.586972
0.900000 0.400000 1.314647
0.920000 0.400000 1.021695
0.940000 0.400000 0.707215
0.960000 0.400000 0.370274
0.980000 0.400000 0.009913

0.000000 0.380000 0.009913
0.020000 0.380000 0.316077
0.040000 0.380000 0.606641
0.060000 0.380000 0.881977
0.080000 0.380000 1.142459
0.100000 0.380000 1.388463
0.120000 0.380000 1.620357
0.140000 0.380000 1.838507
0.160000 0.380000 2.043264
0.180000 0.380000 2.234969
0.200000 0.380000 2.413946
0.220000 0.380000 2.580501
0.240000 0.380000 2.734920
0.260000 0.380000 2.877467
0.280000 0.380000 3.008385
0.300000 0.380000 3.127890
0.320000 0.380000 3.236176
0.340000 0.380000 3.333410
0.360000 0.380000 3.419731
0.380000 0.380000 3.495255
0.400000 0.380000 3.560067
0.420000 0.380000 3.614223
0.440000 0.380000 3.657755
0.460000 0.380000 3.690661
0.480000 0.380000 3.712912
0.500000 0.380000 3.724447
0.520000 0.380000 3.725174
0.540000 0.380000 3.714971
0.560000 0.380000 3.693680
0.580000 0.380000 3.661112
0.600000 0.380000 3.617043
0.620000 0.380000 3.561211
0.640000 0.380000 3.493321
0.660000 0.380000 3.413037
0.680000 0.380000 3.319985
0.700000 0.380000 3.213752
0.720000 0.380000 3.093883
0.740000 0.380000 2.959882
0.760000 0.380000 2.811208
0.780000 0.380000 2.647278
0.800000 0.380000 2.467467
0.820000 0.380000 2.271103
0.840000 0.380000 2.057471
0.860000 0.380000 1.825815
0.880000 0.380000 1.575335
0.900000 0.380000 1.305191
0.920000 0.380000 1.014507
0.940000 0.380000 0.702368
0.960000 0.380000 0.367828
0.980000 0.380000 0.009913

0.000000 0.360000 0.009913
0.020000 0.360000 0.313615
0.040000 0.360000 0.601704
0.060000 0.360000 0.874568
0.080000 0.360000 1.132599
0.100000 0.360000 1.376187
0.120000 0.360000 1.605716
0.140000 0.360000 1.821565
0.160000 0.360000 2.024098
0.180000 0.360000 2.213666
0.200000 0.360000 2.390602
0.220000 0.360000 2.555219
0.240000 0.360000 2.707810
0.260000 0.360000 2.848644
0.280000 0.360000 2.977967
0.300000 0.360000 3.095998
0.320000 0.360000 3.202934
0.340000 0.360000 3.298942
0.360000 0.360000 3.384165
0.380000 0.360000 3.458715
0.400000 0.360000 3.522681
0.420000 0.360000 3.576120
0.440000 0.360000 3.619063
0.460000 0.360000 3.651509
0.480000 0.360000 3.673431
0.500000 0.360000 3.684770
0.520000 0.360000 3.685435
0.540000 0.360000 3.675306
0.560000 0.360000 3.654228
0.580000 0.360000 3.622016
0.600000 0.360000 3.578447
0.620000 0.360000 3.523264
0.640000 0.360000 3.456174
0.660000 0.360000 3.376846
0.680000 0.360000 3.284909
0.700000 0.360000 3.179952
0.720000 0.360000 3.061523
0.740000 0.360000 2.929126
0.760000 0.360000 2.782223
0.780000 0.360000 2.620229
0.800000 0.360000 2.442517
0.820000 0.360000 2.248410
0.840000 0.360000 2.037190
0.860000 0.360000 1.808092
0.880000 0.360000 1.560305
0.900000 0.360000 1.292980
0.920000 0.360000 1.005224
0.940000 0.360000 0.696108
0.960000 0.360000 0.364669
0.980000 0.360000 0.009913

0.000000 0.340000 0.009913
0.020000 0.340000 0.310573
0.040000 0.340000 0.595604
0.060000 0.340000 0.865416
0.080000 0.340000 1.120420
0.100000 0.340000 1.361026
0.120000 0.340000 1.587639
0.140000 0.340000 1.800651
0.160000 0.340000 2.000444
0.180000 0.340000 2.187380
0.200000 0.340000 2.361803
0.220000 0.340000 2.524037
0.240000 0.340000 2.674380
0.260000 0.340000 2.813109
0.280000 0.340000 2.940473
0.300000 0.340000 3.056696
0.320000 0.340000 3.161975
0.340000 0.340000 3.256480
0.360000 0.340000 3.340354
0.380000 0.340000 3.413713
0.400000 0.340000 3.476643
0.420000 0.340000 3.529204
0.440000 0.340000 3.571426
0.460000 0.340000 3.603312
0.480000 0.340000 3.624833
0.500000 0.340000 3.635934
0.520000 0.340000 3.636526
0.540000 0.340000 3.626492
0.560000 0.340000 3.605679
0.580000 0.340000 3.573906
0.600000 0.340000 3.530954
0.620000 0.340000 3.476570
0.640000 0.340000 3.410466
0.660000 0.340000 3.332313
0.680000 0.340000 3.241746
0.700000 0.340000 3.138358
0.720000 0.340000 3.021697
0.740000 0.340000 2.891273
0.760000 0.340000 2.746545
0.780000 0.340000 2.586931
0.800000 0.340000 2.411798
0.820000 0.340000 2.220469
0.840000 0.340000 2.012215
0.860000 0.340000 1.786263
0.880000 0.340000 1.541792
0.900000 0.340000 1.277937
0.920000 0.340000 0.993787
0.940000 0.340000 0.688395
0.960000 0.340000 0.360776
0.980000 0.340000 0.009913

0.000000 0.320000 0.009913
0.020000 0.320000 0.306929
0.040000 0.320000 0.588299
0.060000 0.320000 0.854456
0.080000 0.320000 1.105838
0.100000 0.320000 1.342880
0.120000 0.320000 1.566007
0.140000 0.320000 1.775634
0.160000 0.320000 1.972157
0.180000 0.320000 2.155957
0.200000 0.320000 2.327389
0.220000 0.320000 2.486787
0.240000 0.320000 2.634460
0.260000 0.320000 2.770689
0.280000 0.320000 2.895729
0.300000 0.320000 3.009806
0.320000 0.320000 3.113122
0.340000 0.320000 3.205848
0.360000 0.320000 3.288127
0.380000 0.320000 3.360076
0.400000 0.320000 3.421782
0.420000 0.320000 3.473305
0.440000 0.320000 3.514677
0.460000 0.320000 3.545901
0.480000 0.320000 3.566951
0.500000 0.320000 3.577772
0.520000 0.320000 3.578280
0.540000 0.320000 3.568359
0.560000 0.320000 3.547862
0.580000 0.320000 3.516610
0.600000 0.320000 3.474390
0.620000 0.320000 3.420953
0.640000 0.320000 3.356017
0.660000 0.320000 3.279258
0.680000 0.320000 3.190316
0.700000 0.320000 3.088787
0.720000 0.320000 2.974225
0.740000 0.320000 2.846141
0.760000 0.320000 2.703998
0.780000 0.320000 2.547212
0.800000 0.320000 2.375147
0.820000 0.320000 2.187122
0.840000 0.320000 1.982401
0.860000 0.320000 1.760199
0.880000 0.320000 1.519682
0.900000 0.320000 1.259967
0.920000 0.320000 0.980123
0.940000 0.320000 0.679180
0.960000 0.320000 0.356125
0.980000 0.320000 0.009913

0.000000 0.300000 0.009913
0.020000 0.300000 0.302658
0.040000 0.300000 0.579735
0.060000 0.300000 0.841610
0.080000 0.300000 1.088753
0.100000 0.300000 1.321625
0.120000 0.300000 1.540679
0.140000 0.300000 1.746353
0.160000 0.300000 1.939065
0.180000 0.300000 2.119212
0.200000 0.300000 2.287166
0.220000 0.300000 2.443271
0.240000 0.300000 2.587845
0.260000 0.300000 2.721177
0.280000 0.300000 2.843525
0.300000 0.300000 2.955122
0.320000 0.300000 3.056170
0.340000 0.300000 3.146840
0.360000 0.300000 3.227278
0.380000 0.300000 3.297600
0.400000 0.300000 3.357895
0.420000 0.300000 3.408222
0.440000 0.300000 3.448615
0.460000 0.300000 3.479077
0.480000 0.300000 3.499584
0.500000 0.300000 3.510085
0.520000 0.300000 3.510496
0.540000 0.300000 3.500706
0.560000 0.300000 3.480573
0.580000 0.300000 3.449923
0.600000 0.300000 3.408547
0.620000 0.300000 3.356204
0.640000 0.300000 3.292615
0.660000 0.300000 3.217466
0.680000 0.300000 3.130401
0.700000 0.300000 3.031022
0.720000 0.300000 2.918890
0.740000 0.300000 2.793517
0.760000 0.300000 2.654370
0.780000 0.300000 2.500865
0.800000 0.300000 2.332365
0.820000 0.300000 2.148182
0.840000 0.300000 1.947574
0.860000 0.300000 1.729742
0.880000 0.300000 1.493838
0.900000 0.300000 1.238956
0.920000 0.300000 0.964144
0.940000 0.300000 0.668401
0.960000 0.300000 0.350683
0.980000 0.300000 0.009913

0.000000 0.280000 0.009913
0.020000 0.280000 0.297725
0.040000 0.280000 0.569848
0.060000 0.280000 0.826785
0.080000 0.280000 1.069040
0.100000 0.280000 1.297112
0.120000 0.280000 1.511483
0.140000 0.280000 1.712618
0.160000 0.280000 1.900961
0.180000 0.280000 2.076928
0.200000 0.280000 2.240906
0.220000 0.280000 2.393252
0.240000 0.280000 2.534295
0.260000 0.280000 2.664329
0.280000 0.280000 2.783619
0.300000 0.280000 2.892400
0.320000 0.280000 2.990874
0.340000 0.280000 3.079215
0.360000 0.280000 3.157569
0.380000 0.280000 3.226051
0.400000 0.280000 3.284749
0.420000 0.280000 3.333725
0.440000 0.280000 3.373011
0.460000 0.280000 3.402612
0.480000 0.280000 3.422506
0.500000 0.280000 3.432643
0.520000 0.280000 3.432944
0.540000 0.280000 3.423303
0.560000 0.280000 3.403580
0.580000 0.280000 3.373608
0.600000 0.280000 3.333186
0.620000 0.280000 3.282079
0.640000 0.280000 3.220016
0.660000 0.280000 3.146689
0.680000 0.280000 3.061751
0.700000 0.280000 2.964812
0.720000 0.280000 2.855438
0.740000 0.280000 2.733149
0.760000 0.280000 2.597412
0.780000 0.280000 2.447647
0.800000 0.280000 2.283216
0.820000 0.280000 2.103426
0.840000 0.280000 1.907525
0.860000 0.280000 1.694704
0.880000 0.280000 1.464094
0.900000 0.280000 1.214767
0.920000 0.280000 0.945741
0.940000 0.280000 0.655984
0.960000 0.280000 0.344415
0.980000 0.280000 0.009913

0.000000 0.260000 0.009913
0.020000 0.260000 0.292094
0.040000 0.260000 0.558561
0.060000 0.260000 0.809865
0.080000 0.260000 1.046554
0.100000 0.260000 1.269163
0.120000 0.260000 1.478215
0.140000 0.260000 1.674205
0.160000 0.260000 1.857602
0.180000 0.260000 2.028846
0.200000 0.260000 2.188340
0.220000 0.260000 2.336457
0.240000 0.260000 2.473531
0.260000 0.260000 2.599866
0.280000 0.260000 2.715730
0.300000 0.260000 2.821360
0.320000 0.260000 2.916958
0.340000 0.260000 3.002700
0.360000 0.260000 3.078728
0.380000 0.260000 3.145159
0.400000 0.260000 3.202080
0.420000 0.260000 3.249550
0.440000 0.260000 3.287603
0.460000 0.260000 3.316246
0.480000 0.260000 3.335456
0.500000 0.260000 3.345188
0.520000 0.260000 3.345365
0.540000 0.260000 3.335886
0.560000 0.260000 3.316618
0.580000 0.260000 3.287400
0.600000 0.260000 3.248038
0.620000 0.260000 3.198305
0.640000 0.260000 3.137940
0.660000 0.260000 3.066645
0.680000 0.260000 2.984081
0.700000 0.260000 2.889867
0.720000 0.260000 2.783580
0.740000 0.260000 2.664744
0.760000 0.260000 2.532836
0.780000 0.260000 2.387276
0.800000 0.260000 2.227427
0.820000 0.260000 2.052592
0.840000 0.260000 1.862012
0.860000 0.260000 1.654862
0.880000 0.260000 1.430254
0.900000 0.260000 1.187234
0.920000 0.260000 0.924788
0.940000 0.260000 0.641843
0.960000 0.260000 0.337274
0.980000 0.260000 0.009913

0.000000 0.240000 0.009913
0.020000 0.240000 0.285716
0.040000 0.240000 0.545783
0.060000 0.240000 0.790717
0.080000 0.240000 1.021118
0.100000 0.240000 1.237570
0.120000 0.240000 1.440635
0.140000 0.240000 1.630847
0.160000 0.240000 1.808704
0.180000 0.240000 1.974667
0.200000 0.240000 2.129161
0.220000 0.240000 2.272568
0.240000 0.240000 2.405235
0.260000 0.240000 2.527469
0.280000 0.240000 2.639540
0.300000 0.240000 2.741686
0.320000 0.240000 2.834111
0.340000 0.240000 2.916986
0.360000 0.240000 2.990453
0.380000 0.240000 3.054627
0.400000 0.240000 3.109591
0.420000 0.240000 3.155406
0.440000 0.240000 3.192104
0.460000 0.240000 3.219691
0.480000 0.240000 3.238148
0.500000 0.240000 3.247432
0.520000 0.240000 3.247471
0.540000 0.240000 3.238166
0.560000 0.240000 3.219394
0.580000 0.240000 3.191000
0.600000 0.240000 3.152798
0.620000 0.240000 3.104573
0.640000 0.240000 3.046074
0.660000 0.240000 2.977014
0.680000 0.240000 2.897065
0.700000 0.240000 2.805860
0.720000 0.240000 2.702983
0.740000 0.240000 2.587973
0.760000 0.240000 2.460311
0.780000 0.240000 2.319425
0.800000 0.240000 2.164680
0.820000 0.240000 1.995377
0.840000 0.240000 1.810748
0.860000 0.240000 1.609955
0.880000 0.240000 1.392088
0.900000 0.240000 1.156164
0.920000 0.240000 0.901131
0.940000 0.240000 0.625872
0.960000 0.240000 0.329208
0.980000 0.240000 0.009913

0.000000 0.220000 0.009913
0.020000 0.220000 0.278536
0.040000 0.220000 0.531402
0.060000 0.220000 0.769177
0.080000 0.220000 0.992524
0.100000 0.220000 1.202082
0.120000 0.220000 1.398461
0.140000 0.220000 1.582235
0.160000 0.220000 1.753935
0.180000 0.220000 1.914047
0.200000 0.220000 2.063013
0.220000 0.220000 2.201228
0.240000 0.220000 2.329045
0.260000 0.220000 2.446775
0.280000 0.220000 2.554691
0.300000 0.220000 2.653027
0.320000 0.220000 2.741984
0.340000 0.220000 2.821732
0.360000 0.220000 2.892408
0.380000 0.220000 2.954123
0.400000 0.220000 3.006958
0.420000 0.220000 3.050971
0.440000 0.220000 3.086193
0.460000 0.220000 3.112631
0.480000 0.220000 3.130268
0.500000 0.220000 3.139060
0.520000 0.220000 3.138943
0.540000 0.220000 3.129824
0.560000 0.220000 3.111584
0.580000 0.220000 3.084079
0.600000 0.220000 3.047134
0.620000 0.220000 3.000545
0.640000 0.220000 2.944072
0.660000 0.220000 2.877442
0.680000 0.220000 2.800344
0.700000 0.220000 2.712422
0.720000 0.220000 2.613277
0.740000 0.220000 2.502459
0.760000 0.220000 2.379462
0.780000 0.220000 2.243722
0.800000 0.220000 2.094610
0.820000 0.220000 1.931427
0.840000 0.220000 1.753399
0.860000 0.220000 1.559676
0.880000 0.220000 1.349323
0.900000 0.220000 1.121327
0.920000 0.220000 0.874591
0.940000 0.220000 0.607946
0.960000 0.220000 0.320152
0.980000 0.220000 0.009913

0.000000 0.200000 0.009913
0.020000 0.200000 0.270488
0.040000 0.200000 0.515286
0.060000 0.200000 0.745054
0.080000 0.200000 0.960526
0.100000 0.200000 1.162406
0.120000 0.200000 1.351361
0.140000 0.200000 1.528008
0.160000 0.200000 1.692914
0.180000 0.200000 1.846588
0.200000 0.200000 1.989491
0.220000 0.200000 2.122026
0.240000 0.200000 2.244553
0.260000 0.200000 2.357382
0.280000 0.200000 2.460784
0.300000 0.200000 2.554990
0.320000 0.200000 2.640195
0.340000 0.200000 2.716562
0.360000 0.200000 2.784224
0.380000 0.200000 2.843286
0.400000 0.200000 2.893825
0.420000 0.200000 2.935896
0.440000 0.200000 2.969526
0.460000 0.200000 2.994724
0.480000 0.200000 3.011472
0.500000 0.200000 3.019731
0.520000 0.200000 3.019440
0.540000 0.200000 3.010512
0.560000 0.200000 2.992838
0.580000 0.200000 2.966282
0.600000 0.200000 2.930682
0.620000 0.200000 2.885847
0.640000 0.200000 2.831552
0.660000 0.200000 2.767541
0.680000 0.200000 2.693518
0.700000 0.200000 2.609146
0.720000 0.200000 2.514045
0.740000 0.200000 2.407780
0.760000 0.200000 2.289863
0.780000 0.200000 2.159742
0.800000 0.200000 2.016798
0.820000 0.200000 1.860336
0.840000 0.200000 1.689580
0.860000 0.200000 1.503666
0.880000 0.200000 1.301639
0.900000 0.200000 1.082449
0.920000 0.200000 0.844952
0.940000 0.200000 0.587917
0.960000 0.200000 0.310031
0.980000 0.200000 0.009913

0.000000 0.180000 0.009913
0.020000 0.180000 0.261488
0.040000 0.180000 0.497275
0.060000 0.180000 0.718114
0.080000 0.180000 0.924826
0.100000 0.180000 1.118194
0.120000 0.180000 1.298944
0.140000 0.180000 1.467745
0.160000 0.180000 1.625197
0.180000 0.180000 1.771836
0.200000 0.180000 1.908134
0.220000 0.180000 2.034504
0.240000 0.180000 2.151303
0.260000 0.180000 2.258841
0.280000 0.180000 2.357381
0.300000 0.180000 2.447146
0.320000 0.180000 2.528323
0.340000 0.180000 2.601068
0.360000 0.180000 2.665503
0.380000 0.180000 2.721726
0.400000 0.180000 2.769810
0.420000 0.180000 2.809803
0.440000 0.180000 2.841732
0.460000 0.180000 2.865601
0.480000 0.180000 2.881395
0.500000 0.180000 2.889078
0.520000 0.180000 2.888591
0.540000 0.180000 2.879858
0.560000 0.180000 2.862777
0.580000 0.180000 2.837223
0.600000 0.180000 2.803049
0.620000 0.180000 2.760076
0.640000 0.180000 2.708101
0.660000 0.180000 2.646883
0.680000 0.180000 2.576148
0.700000 0.180000 2.495583
0.720000 0.180000 2.404825
0.740000 0.180000 2.303466
0.760000 0.180000 2.191036
0.780000 0.180000 2.067004
0.800000 0.180000 1.930766
0.820000 0.180000 1.781635
0.840000 0.180000 1.618839
0.860000 0.180000 1.441505
0.880000 0.180000 1.248656
0.900000 0.180000 1.039206
0.920000 0.180000 0.811957
0.940000 0.180000 0.565606
0.960000 0.180000 0.298751
0.980000 0.180000 0.009913

0.000000 0.160000 0.009913
0.020000 0.160000 0.251440
0.040000 0.160000 0.477175
0.060000 0.160000 0.688076
0.080000 0.160000 0.885070
0.100000 0.160000 1.069029
0.120000 0.160000 1.240750
0.140000 0.160000 1.400954
0.160000 0.160000 1.550275
0.180000 0.160000 1.689271
0.200000 0.160000 1.818422
0.220000 0.160000 1.938143
0.240000 0.160000 2.048788
0.260000 0.160000 2.150654
0.280000 0.160000 2.243996
0.300000 0.160000 2.329025
0.320000 0.160000 2.405914
0.340000 0.160000 2.474806
0.360000 0.160000 2.535814
0.380000 0.160000 2.589025
0.400000 0.160000 2.634504
0.420000 0.160000 2.672293
0.440000 0.160000 2.702414
0.460000 0.160000 2.724870
0.480000 0.160000 2.739647
0.500000 0.160000 2.746709
0.520000 0.160000 2.746006
0.540000 0.160000 2.737466
0.560000 0.160000 2.720998
0.580000 0.160000 2.696491
0.600000 0.160000 2.663812
0.620000 0.160000 2.622800
0.640000 0.160000 2.573270
0.660000 0.160000 2.515007
0.680000 0.160000 2.447759
0.700000 0.160000 2.371238
0.720000 0.160000 2.285110
0.740000 0.160000 2.188994
0.760000 0.160000 2.082448
0.780000 0.160000 1.964967
0.800000 0.160000 1.835969
0.820000 0.160000 1.694787
0.840000 0.160000 1.540655
0.860000 0.160000 1.372700
0.880000 0.160000 1.189926
0.900000 0.160000 0.991211
0.920000 0.160000 0.775296
0.940000 0.160000 0.540796
0.960000 0.160000 0.286203
0.980000 0.160000 0.009913

0.000000 0.140000 0.009913
0.020000 0.140000 0.240220
0.040000 0.140000 0.454747
0.060000 0.140000 0.654597
0.080000 0.140000 0.840828
0.100000 0.140000 1.014414
0.120000 0.140000 1.176234
0.140000 0.140000 1.327060
0.160000 0.140000 1.467558
0.180000 0.140000 1.598299
0.200000 0.140000 1.719767
0.220000 0.140000 1.832369
0.240000 0.140000 1.936444
0.260000 0.140000 2.032278
0.280000 0.140000 2.120105
0.300000 0.140000 2.200119
0.320000 0.140000 2.272476
0.340000 0.140000 2.337303
0.360000 0.140000 2.394698
0.380000 0.140000 2.444736
0.400000 0.140000 2.487471
0.420000 0.140000 2.522938
0.440000 0.140000 2.551154
0.460000 0.140000 2.572118
0.480000 0.140000 2.585815
0.500000 0.140000 2.592214
0.520000 0.140000 2.591269
0.540000 0.140000 2.582915
0.560000 0.140000 2.567075
0.580000 0.140000 2.543650
0.600000 0.140000 2.512523
0.620000 0.140000 2.473555
0.640000 0.140000 2.426583
0.660000 0.140000 2.371416
0.680000 0.140000 2.307833
0.700000 0.140000 2.235574
0.720000 0.140000 2.154342
0.740000 0.140000 2.063786
0.760000 0.140000 1.963502
0.780000 0.140000 1.853019
0.800000 0.140000 1.731789
0.820000 0.140000 1.599170
0.840000 0.140000 1.454419
0.860000 0.140000 1.296668
0.880000 0.140000 1.124912
0.900000 0.140000 0.937994
0.920000 0.140000 0.734592
0.940000 0.140000 0.513222
0.960000 0.140000 0.272248
0.980000 0.140000 0.009915

0.000000 0.120000 0.009915
0.020000 0.120000 0.227678
0.040000 0.120000 0.429694
0.060000 0.120000 0.617253
0.080000 0.120000 0.791571
0.100000 0.120000 0.953749
0.120000 0.120000 1.104749
0.140000 0.120000 1.245391
0.160000 0.120000 1.376366
0.180000 0.120000 1.498247
0.200000 0.120000 1.611508
0.220000 0.120000 1.716538
0.240000 0.120000 1.813655
0.260000 0.120000 1.903118
0.280000 0.120000 1.985138
0.300000 0.120000 2.059882
0.320000 0.120000 2.127486
0.340000 0.120000 2.188055
0.360000 0.120000 2.241669
0.380000 0.120000 2.288390
0.400000 0.120000 2.328256
0.420000 0.120000 2.361294
0.440000 0.120000 2.387514
0.460000 0.120000 2.406911
0.480000 0.120000 2.419471
0.500000 0.120000 2.425163
0.520000 0.120000 2.423947
0.540000 0.120000 2.415768
0.560000 0.120000 2.400560
0.580000 0.120000 2.378240
0.600000 0.120000 2.348709
0.620000 0.120000 2.311851
0.640000 0.120000 2.267528
0.660000 0.120000 2.215580
0.680000 0.120000 2.155815
0.700000 0.120000 2.088013
0.720000 0.120000 2.011913
0.740000 0.120000 1.927208
0.760000 0.120000 1.833538
0.780000 0.120000 1.730477
0.800000 0.120000 1.617522
0.820000 0.120000 1.494073
0.840000 0.120000 1.359421
0.860000 0.120000 1.212721
0.880000 0.120000 1.052971
0.900000 0.120000 0.878986
0.920000 0.120000 0.689380
0.940000 0.120000 0.482557
0.960000 0.120000 0.256722
0.980000 0.120000 0.009920

0.000000 0.100000 0.009920
0.020000 0.100000 0.213623
0.040000 0.100000 0.401641
0.060000 0.100000 0.575510
0.080000 0.100000 0.736649
0.100000 0.100000 0.886304
0.120000 0.100000 1.025520
0.140000 0.100000 1.155158
0.160000 0.100000 1.275915
0.180000 0.100000 1.388349
0.200000 0.100000 1.492907
0.220000 0.100000 1.589944
0.240000 0.100000 1.679745
0.260000 0.100000 1.762532
0.280000 0.100000 1.838481
0.300000 0.100000 1.907731
0.320000 0.100000 1.970387
0.340000 0.100000 2.026530
0.360000 0.100000 2.076218
0.380000 0.100000 2.119494
0.400000 0.100000 2.156382
0.420000 0.100000 2.186897
0.440000 0.100000 2.211039
0.460000 0.100000 2.228802
0.480000 0.100000 2.240167
0.500000 0.100000 2.245108
0.520000 0.100000 2.243590
0.540000 0.100000 2.235568
0.560000 0.100000 2.220987
0.580000 0.100000 2.199782
0.600000 0.100000 2.171875
0.620000 0.100000 2.137175
0.640000 0.100000 2.095571
0.660000 0.100000 2.046935
0.680000 0.100000 1.991115
0.700000 0.100000 1.927930
0.720000 0.100000 1.857167
0.740000 0.100000 1.778568
0.760000 0.100000 1.691828
0.780000 0.100000 1.596578
0.800000 0.100000 1.492374
0.820000 0.100000 1.378677
0.840000 0.100000 1.254832
0.860000 0.100000 1.120039
0.880000 0.100000 0.973319
0.900000 0.100000 0.813480
0.920000 0.100000 0.639077
0.940000 0.100000 0.448388
0.960000 0.100000 0.239415
0.980000 0.100000 0.009938

0.000000 0.080000 0.009942
0.020000 0.080000 0.197822
0.040000 0.080000 0.370108
0.060000 0.080000 0.528685
0.080000 0.080000 0.675240
0.100000 0.080000 0.811179
0.120000 0.080000 0.937621
0.140000 0.080000 1.055439
0.160000 0.080000 1.165307
0.180000 0.080000 1.267742
0.200000 0.080000 1.363142
0.220000 0.080000 1.451810
0.240000 0.080000 1.533980
0.260000 0.080000 1.609826
0.280000 0.080000 1.679483
0.300000 0.080000 1.743049
0.320000 0.080000 1.800596
0.340000 0.080000 1.852173
0.360000 0.080000 1.897814
0.380000 0.080000 1.937539
0.400000 0.080000 1.971356
0.420000 0.080000 1.999266
0.440000 0.080000 2.021260
0.460000 0.080000 2.037326
0.480000 0.080000 2.047445
0.500000 0.080000 2.051591
0.520000 0.080000 2.049735
0.540000 0.080000 2.041843
0.560000 0.080000 2.027874
0.580000 0.080000 2.007781
0.600000 0.080000 1.981507
0.620000 0.080000 1.948989
0.640000 0.080000 1.910147
0.660000 0.080000 1.864889
0.680000 0.080000 1.813106
0.700000 0.080000 1.754663
0.720000 0.080000 1.689398
0.740000 0.080000 1.617116
0.760000 0.080000 1.537573
0.780000 0.080000 1.450474
0.800000 0.080000 1.355451
0.820000 0.080000 1.252046
0.840000 0.080000 1.139684
0.860000 0.080000 1.017642
0.880000 0.080000 0.885001
0.900000 0.080000 0.740595
0.920000 0.080000 0.582941
0.940000 0.080000 0.410185
0.960000 0.080000 0.220072
0.980000 0.080000 0.010004

0.000000 0.060000 0.010028
0.020000 0.060000 0.179983
0.040000 0.060000 0.334456
0.060000 0.060000 0.475879
0.080000 0.060000 0.606294
0.100000 0.060000 0.727263
0.120000 0.060000 0.839937
0.140000 0.060000 0.945151
0.160000 0.060000 1.043512
0.180000 0.060000 1.135459
0.200000 0.060000 1.221309
0.220000 0.060000 1.301292
0.240000 0.060000 1.375573
0.260000 0.060000 1.444268
0.280000 0.060000 1.507457
0.300000 0.060000 1.565191
0.320000 0.060000 1.617503
0.340000 0.060000 1.664407
0.360000 0.060000 1.705907
0.380000 0.060000 1.741999
0.400000 0.060000 1.772672
0.420000 0.060000 1.797911
0.440000 0.060000 1.817698
0.460000 0.060000 1.832014
0.480000 0.060000 1.840836
0.500000 0.060000 1.844142
0.520000 0.060000 1.841909
0.540000 0.060000 1.834113
0.560000 0.060000 1.820729
0.580000 0.060000 1.801726
0.600000 0.060000 1.777075
0.620000 0.060000 1.746739
0.640000 0.060000 1.710673
0.660000 0.060000 1.668826
0.680000 0.060000 1.621131
0.700000 0.060000 1.567509
0.720000 0.060000 1.507857
0.740000 0.060000 1.442045
0.760000 0.060000 1.369908
0.780000 0.060000 1.291235
0.800000 0.060000 1.205753
0.820000 0.060000 1.113111
0.840000 0.060000 1.012848
0.860000 0.060000 0.904358
0.880000 0.060000 0.786835
0.900000 0.060000 0.659199
0.920000 0.060000 0.519989
0.940000 0.060000 0.367242
0.960000 0.060000 0.198380
0.980000 0.060000 0.010228

0.000000 0.040000 0.010372
0.020000 0.040000 0.159776
0.040000 0.040000 0.293803
0.060000 0.040000 0.415865
0.080000 0.040000 0.528435
0.100000 0.040000 0.633163
0.120000 0.040000 0.731128
0.140000 0.040000 0.823040
0.160000 0.040000 0.909370
0.180000 0.040000 0.990429
0.200000 0.040000 1.066422
0.220000 0.040000 1.137482
0.240000 0.040000 1.203688
0.260000 0.040000 1.265082
0.280000 0.040000 1.321683
0.300000 0.040000 1.373487
0.320000 0.040000 1.420480
0.340000 0.040000 1.462640
0.360000 0.040000 1.499937
0.380000 0.040000 1.532340
0.400000 0.040000 1.559817
0.420000 0.040000 1.582336
0.440000 0.040000 1.599868
0.460000 0.040000 1.612386
0.480000 0.040000 1.619866
0.500000 0.040000 1.622287
0.520000 0.040000 1.619633
0.540000 0.040000 1.611890
0.560000 0.040000 1.599049
0.580000 0.040000 1.581100
0.600000 0.040000 1.558038
0.620000 0.040000 1.529857
0.640000 0.040000 1.496549
0.660000 0.040000 1.458105
0.680000 0.040000 1.414509
0.700000 0.040000 1.365737
0.720000 0.040000 1.311752
0.740000 0.040000 1.252500
0.760000 0.040000 1.187902
0.780000 0.040000 1.117846
0.800000 0.040000 1.042175
0.820000 0.040000 0.960668
0.840000 0.040000 0.873016
0.860000 0.040000 0.778783
0.880000 0.040000 0.677352
0.900000 0.040000 0.567825
0.920000 0.040000 0.448884
0.940000 0.040000 0.318559
0.960000 0.040000 0.173934
0.980000 0.040000 0.010945

0.000000 0.020000 0.011790
0.020000 0.020000 0.136837
0.040000 0.020000 0.246808
0.060000 0.020000 0.346881
0.080000 0.020000 0.439836
0.100000 0.020000 0.527143
0.120000 0.020000 0.609603
0.140000 0.020000 0.687667
0.160000 0.020000 0.761582
0.180000 0.020000 0.831482
0.200000 0.020000 0.897425
0.220000 0.020000 0.959420
0.240000 0.020000 1.017447
0.260000 0.020000 1.071465
0.280000 0.020000 1.121419
0.300000 0.020000 1.167248
0.320000 0.020000 1.208887
0.340000 0.020000 1.246271
0.360000 0.020000 1.279336
0.380000 0.020000 1.308021
0.400000 0.020000 1.332272
0.420000 0.020000 1.352040
0.440000 0.020000 1.367283
0.460000 0.020000 1.377965
0.480000 0.020000 1.384061
0.500000 0.020000 1.385551
0.520000 0.020000 1.382426
0.540000 0.020000 1.374684
0.560000 0.020000 1.362330
0.580000 0.020000 1.345377
0.600000 0.020000 1.323847
0.620000 0.020000 1.297764
0.640000 0.020000 1.267161
0.660000 0.020000 1.232073
0.680000 0.020000 1.192535
0.700000 0.020000 1.148585
0.720000 0.020000 1.100258
0.740000 0.020000 1.047579
0.760000 0.020000 0.990566
0.780000 0.020000 0.929219
0.800000 0.020000 0.863510
0.820000 0.020000 0.793375
0.840000 0.020000 0.718694
0.860000 0.020000 0.639258
0.880000 0.020000 0.554726
0.900000 0.020000 0.464531
0.920000 0.020000 0.367718
0.940000 0.020000 0.262598
0.960000 0.020000 0.146105
0.980000 0.020000 0.012897

0.000000 0.000000 0.017853
0.020000 0.000000 0.110565
0.040000 0.000000 0.191101
0.060000 0.000000 0.266276
0.080000 0.000000 0.338052
0.100000 0.000000 0.407064
0.120000 0.000000 0.473510
0.140000 0.000000 0.537419
0.160000 0.000000 0.598738
0.180000 0.000000 0.657371
0.200000 0.000000 0.713203
0.220000 0.000000 0.766106
0.240000 0.000000 0.815946
0.260000 0.000000 0.862591
0.280000 0.000000 0.905911
0.300000 0.000000 0.945779
0.320000 0.000000 0.982077
0.340000 0.000000 1.014697
0.360000 0.000000 1.043536
0.380000 0.000000 1.068505
0.400000 0.000000 1.089524
0.420000 0.000000 1.106527
0.440000 0.000000 1.119458
0.460000 0.000000 1.128275
0.480000 0.000000 1.132948
0.500000 0.000000 1.133461
0.520000 0.000000 1.129810
0.540000 0.000000 1.122005
0.560000 0.000000 1.110068
0.580000 0.000000 1.094035
0.600000 0.000000 1.073953
0.620000 0.000000 1.049881
0.640000 0.000000 1.021892
0.660000 0.000000 0.990066
0.680000 0.000000 0.954494
0.700000 0.000000 0.915279
0.720000 0.000000 0.872526
0.740000 0.000000 0.826351
0.760000 0.000000 0.776870
0.780000 0.000000 0.724203
0.800000 0.000000 0.668467
0.820000 0.000000 0.609772
0.840000 0.000000 0.548212
0.860000 0.000000 0.483857
0.880000 0.000000 0.416728
0.900000 0.000000 0.346756
0.920000 0.000000 0.273678
0.940000 0.000000 0.196735
0.960000 0.000000 0.113590
0.980000 0.000000 0.015900

