0.000000 0.980000 0.003742
0.020000 0.980000 0.010963
0.040000 0.980000 0.015937
0.060000 0.980000 0.019820
0.080000 0.980000 0.023086
0.100000 0.980000 0.025956
0.120000 0.980000 0.028547
0.140000 0.980000 0.030928
0.160000 0.980000 0.033142
0.180000 0.980000 0.035220
0.200000 0.980000 0.037184
0.220000 0.980000 0.039052
0.240000 0.980000 0.040835
0.260000 0.980000 0.042545
0.280000 0.980000 0.044190
0.300000 0.980000 0.045776
0.320000 0.980000 0.047310
0.340000 0.980000 0.048796
0.360000 0.980000 0.050239
0.380000 0.980000 0.051641
0.400000 0.980000 0.053007
0.420000 0.980000 0.054339
0.440000 0.980000 0.055639
0.460000 0.980000 0.056909
0.480000 0.980000 0.058152
0.500000 0.980000 0.059369
0.520000 0.980000 0.060562
0.540000 0.980000 0.061732
0.560000 0.980000 0.062880
0.580000 0.980000 0.064007
0.600000 0.980000 0.065116
0.620000 0.980000 0.066205
0.640000 0.980000 0.067277
0.660000 0.980000 0.068332
0.680000 0.980000 0.069371
0.700000 0.980000 0.070395
0.720000 0.980000 0.071403
0.740000 0.980000 0.072395
0.760000 0.980000 0.073371
0.780000 0.980000 0.074326
0.800000 0.980000 0.075251
0.820000 0.980000 0.076127
0.840000 0.980000 0.076908
0.860000 0.980000 0.077496
0.880000 0.980000 0.077666
0.900000 0.980000 0.076922
0.920000 0.980000 0.074135
0.940000 0.980000 0.066734
0.960000 0.980000 0.048692
0.980000 0.980000 0.005252

0.000000 0.960000 0.006588
0.020000 0.960000 0.021050
0.040000 0.960000 0.033079
0.060000 0.960000 0.043389
0.080000 0.960000 0.052468
0.100000 0.960000 0.060637
0.120000 0.960000 0.068108
0.140000 0.960000 0.075028
0.160000 0.960000 0.081498
0.180000 0.960000 0.087594
0.200000 0.960000 0.093374
0.220000 0.960000 0.098880
0.240000 0.960000 0.104148
0.260000 0.960000 0.109206
0.280000 0.960000 0.114077
0.300000 0.960000 0.118780
0.320000 0.960000 0.123331
0.340000 0.960000 0.127743
0.360000 0.960000 0.132029
0.380000 0.960000 0.136199
0.400000 0.960000 0.140261
0.420000 0.960000 0.144224
0.440000 0.960000 0.148095
0.460000 0.960000 0.151878
0.480000 0.960000 0.155581
0.500000 0.960000 0.159208
0.520000 0.960000 0.162764
0.540000 0.960000 0.166252
0.560000 0.960000 0.169676
0.580000 0.960000 0.173039
0.600000 0.960000 0.176346
0.620000 0.960000 0.179598
0.640000 0.960000 0.182798
0.660000 0.960000 0.185948
0.680000 0.960000 0.189050
0.700000 0.960000 0.192106
0.720000 0.960000 0.195117
0.740000 0.960000 0.198081
0.760000 0.960000 0.200995
0.780000 0.960000 0.203848
0.800000 0.960000 0.206613
0.820000 0.960000 0.209231
0.840000 0.960000 0.211570
0.860000 0.960000 0.213332
0.880000 0.960000 0.213861
0.900000 0.960000 0.211686
0.920000 0.960000 0.203510
0.940000 0.960000 0.181875
0.960000 0.960000 0.129735
0.980000 0.960000 0.007534

0.000000 0.940000 0.007732
0.020000 0.940000 0.025878
0.040000 0.940000 0.042247
0.060000 0.940000 0.057077
0.080000 0.940000 0.070627
0.100000 0.940000 0.083120
0.120000 0.940000 0.094739
0.140000 0.940000 0.105626
0.160000 0.940000 0.115895
0.180000 0.940000 0.125634
0.200000 0.940000 0.134912
0.220000 0.940000 0.143788
0.240000 0.940000 0.152307
0.260000 0.940000 0.160509
0.280000 0.940000 0.168424
0.300000 0.940000 0.176082
0.320000 0.940000 0.183504
0.340000 0.940000 0.190711
0.360000 0.940000 0.197720
0.380000 0.940000 0.204547
0.400000 0.940000 0.211204
0.420000 0.940000 0.217704
0.440000 0.940000 0.224058
0.460000 0.940000 0.230274
0.480000 0.940000 0.236361
0.500000 0.940000 0.242327
0.520000 0.940000 0.248178
0.540000 0.940000 0.253921
0.560000 0.940000 0.259562
0.580000 0.940000 0.265106
0.600000 0.940000 0.270558
0.620000 0.940000 0.275921
0.640000 0.940000 0.281201
0.660000 0.940000 0.286400
0.680000 0.940000 0.291522
0.700000 0.940000 0.296570
0.720000 0.940000 0.301543
0.740000 0.940000 0.306442
0.760000 0.940000 0.311258
0.780000 0.940000 0.315974
0.800000 0.940000 0.320547
0.820000 0.940000 0.324880
0.840000 0.940000 0.328756
0.860000 0.940000 0.331693
0.880000 0.940000 0.332622
0.900000 0.940000 0.329171
0.920000 0.940000 0.316053
0.940000 0.940000 0.281443
0.960000 0.940000 0.198768
0.980000 0.940000 0.008045

0.000000 0.920000 0.008074
0.020000 0.920000 0.028212
0.040000 0.920000 0.047159
0.060000 0.920000 0.064942
0.080000 0.920000 0.081648
0.100000 0.920000 0.097386
0.120000 0.920000 0.112264
0.140000 0.920000 0.126383
0.160000 0.920000 0.139832
0.180000 0.920000 0.152686
0.200000 0.920000 0.165011
0.220000 0.920000 0.176862
0.240000 0.920000 0.188285
0.260000 0.920000 0.199323
0.280000 0.920000 0.210008
0.300000 0.920000 0.220372
0.320000 0.920000 0.230441
0.340000 0.920000 0.240238
0.360000 0.920000 0.249782
0.380000 0.920000 0.259093
0.400000 0.920000 0.268187
0.420000 0.920000 0.277076
0.440000 0.920000 0.285775
0.460000 0.920000 0.294294
0.480000 0.920000 0.302645
0.500000 0.920000 0.310837
0.520000 0.920000 0.318877
0.540000 0.920000 0.326776
0.560000 0.920000 0.334538
0.580000 0.920000 0.342172
0.600000 0.920000 0.349683
0.620000 0.920000 0.357077
0.640000 0.920000 0.364359
0.660000 0.920000 0.371534
0.680000 0.920000 0.378606
0.700000 0.920000 0.385577
0.720000 0.920000 0.392449
0.740000 0.920000 0.399219
0.760000 0.920000 0.405879
0.780000 0.920000 0.412403
0.800000 0.920000 0.418733
0.820000 0.920000 0.424736
0.840000 0.920000 0.430116
0.860000 0.920000 0.434220
0.880000 0.920000 0.435607
0.900000 0.920000 0.431087
0.920000 0.920000 0.413606
0.940000 0.920000 0.367523
0.960000 0.920000 0.258109
0.980000 0.920000 0.008161

0.000000 0.900000 0.008166
0.020000 0.900000 0.029370
0.040000 0.900000 0.049815
0.060000 0.900000 0.069450
0.080000 0.900000 0.088271
0.100000 0.900000 0.106307
0.120000 0.900000 0.123603
0.140000 0.900000 0.140211
0.160000 0.900000 0.156184
0.180000 0.900000 0.171576
0.200000 0.900000 0.186433
0.220000 0.900000 0.200800
0.240000 0.900000 0.214718
0.260000 0.900000 0.228220
0.280000 0.900000 0.241339
0.300000 0.900000 0.254104
0.320000 0.900000 0.266539
0.340000 0.900000 0.278668
0.360000 0.900000 0.290511
0.380000 0.900000 0.302086
0.400000 0.900000 0.313410
0.420000 0.900000 0.324498
0.440000 0.900000 0.335363
0.460000 0.900000 0.346019
0.480000 0.900000 0.356476
0.500000 0.900000 0.366745
0.520000 0.900000 0.376835
0.540000 0.900000 0.386756
0.560000 0.900000 0.396514
0.580000 0.900000 0.406119
0.600000 0.900000 0.415576
0.620000 0.900000 0.424893
0.640000 0.900000 0.434074
0.660000 0.900000 0.443126
0.680000 0.900000 0.452053
0.700000 0.900000 0.460857
0.720000 0.900000 0.469541
0.740000 0.900000 0.478101
0.760000 0.900000 0.486526
0.780000 0.900000 0.494783
0.800000 0.900000 0.502799
0.820000 0.900000 0.510409
0.840000 0.900000 0.517247
0.860000 0.900000 0.522504
0.880000 0.900000 0.524404
0.900000 0.900000 0.519037
0.920000 0.900000 0.497801
0.940000 0.900000 0.441757
0.960000 0.900000 0.309185
0.980000 0.900000 0.008188

0.000000 0.880000 0.008189
0.020000 0.880000 0.029966
0.040000 0.880000 0.051272
0.060000 0.880000 0.072041
0.080000 0.880000 0.092233
0.100000 0.880000 0.111835
0.120000 0.880000 0.130849
0.140000 0.880000 0.149292
0.160000 0.880000 0.167187
0.180000 0.880000 0.184560
0.200000 0.880000 0.201442
0.220000 0.880000 0.217860
0.240000 0.880000 0.233842
0.260000 0.880000 0.249416
0.280000 0.880000 0.264607
0.300000 0.880000 0.279437
0.320000 0.880000 0.293929
0.340000 0.880000 0.308102
0.360000 0.880000 0.321974
0.380000 0.880000 0.335562
0.400000 0.880000 0.348882
0.420000 0.880000 0.361948
0.440000 0.880000 0.374773
0.460000 0.880000 0.387369
0.480000 0.880000 0.399748
0.500000 0.880000 0.411919
0.520000 0.880000 0.423894
0.540000 0.880000 0.435679
0.560000 0.880000 0.447285
0.580000 0.880000 0.458718
0.600000 0.880000 0.469985
0.620000 0.880000 0.481094
0.640000 0.880000 0.492051
0.660000 0.880000 0.502861
0.680000 0.880000 0.513529
0.700000 0.880000 0.524057
0.720000 0.880000 0.534448
0.740000 0.880000 0.544698
0.760000 0.880000 0.554790
0.780000 0.880000 0.564688
0.800000 0.880000 0.574306
0.820000 0.880000 0.583447
0.840000 0.880000 0.591682
0.860000 0.880000 0.598066
0.880000 0.880000 0.600526
0.900000 0.880000 0.594524
0.920000 0.880000 0.570117
0.940000 0.880000 0.505525
0.960000 0.880000 0.353041
0.980000 0.880000 0.008195

0.000000 0.860000 0.008195
0.020000 0.860000 0.030284
0.040000 0.860000 0.052085
0.060000 0.860000 0.073540
0.080000 0.860000 0.094602
0.100000 0.860000 0.115242
0.120000 0.860000 0.135441
0.140000 0.860000 0.155193
0.160000 0.860000 0.174500
0.180000 0.860000 0.193370
0.200000 0.860000 0.211815
0.220000 0.860000 0.229850
0.240000 0.860000 0.247491
0.260000 0.860000 0.264754
0.280000 0.860000 0.281657
0.300000 0.860000 0.298216
0.320000 0.860000 0.314447
0.340000 0.860000 0.330366
0.360000 0.860000 0.345987
0.380000 0.860000 0.361324
0.400000 0.860000 0.376391
0.420000 0.860000 0.391199
0.440000 0.860000 0.405760
0.460000 0.860000 0.420084
0.480000 0.860000 0.434184
0.500000 0.860000 0.448066
0.520000 0.860000 0.461742
0.540000 0.860000 0.475219
0.560000 0.860000 0.488505
0.580000 0.860000 0.501607
0.600000 0.860000 0.514533
0.620000 0.860000 0.527289
0.640000 0.860000 0.539881
0.660000 0.860000 0.552315
0.680000 0.860000 0.564595
0.700000 0.860000 0.576724
0.720000 0.860000 0.588702
0.740000 0.860000 0.600526
0.760000 0.860000 0.612176
0.780000 0.860000 0.623610
0.800000 0.860000 0.634730
0.820000 0.860000 0.645313
0.840000 0.860000 0.654873
0.860000 0.860000 0.662344
0.880000 0.860000 0.665398
0.900000 0.860000 0.658950
0.920000 0.860000 0.631903
0.940000 0.860000 0.560043
0.960000 0.860000 0.390543
0.980000 0.860000 0.008196

0.000000 0.840000 0.008196
0.020000 0.840000 0.030458
0.040000 0.840000 0.052546
0.060000 0.840000 0.074414
0.080000 0.840000 0.096022
0.100000 0.840000 0.117336
0.120000 0.840000 0.138333
0.140000 0.840000 0.158995
0.160000 0.840000 0.179313
0.180000 0.840000 0.199282
0.200000 0.840000 0.218902
0.220000 0.840000 0.238177
0.240000 0.840000 0.257113
0.260000 0.840000 0.275717
0.280000 0.840000 0.293999
0.300000 0.840000 0.311968
0.320000 0.840000 0.329636
0.340000 0.840000 0.347012
0.360000 0.840000 0.364106
0.380000 0.840000 0.380930
0.400000 0.840000 0.397492
0.420000 0.840000 0.413804
0.440000 0.840000 0.429873
0.460000 0.840000 0.445708
0.480000 0.840000 0.461320
0.500000 0.840000 0.476714
0.520000 0.840000 0.491901
0.540000 0.840000 0.506886
0.560000 0.840000 0.521676
0.580000 0.840000 0.536280
0.600000 0.840000 0.550702
0.620000 0.840000 0.564949
0.640000 0.840000 0.579027
0.660000 0.840000 0.592940
0.680000 0.840000 0.606693
0.700000 0.840000 0.620288
0.720000 0.840000 0.633725
0.740000 0.840000 0.646997
0.760000 0.840000 0.660086
0.780000 0.840000 0.672941
0.800000 0.840000 0.685454
0.820000 0.840000 0.697379
0.840000 0.840000 0.708181
0.860000 0.840000 0.716689
0.880000 0.840000 0.720353
0.900000 0.840000 0.713619
0.920000 0.840000 0.684402
0.940000 0.840000 0.606409
0.960000 0.840000 0.422455
0.980000 0.840000 0.008197

0.000000 0.820000 0.008197
0.020000 0.820000 0.030557
0.040000 0.820000 0.052812
0.060000 0.820000 0.074928
0.080000 0.820000 0.096875
0.100000 0.820000 0.118623
0.120000 0.820000 0.140149
0.140000 0.820000 0.161432
0.160000 0.820000 0.182458
0.180000 0.820000 0.203215
0.200000 0.820000 0.223697
0.220000 0.820000 0.243900
0.240000 0.820000 0.263823
0.260000 0.820000 0.283466
0.280000 0.820000 0.302833
0.300000 0.820000 0.321928
0.320000 0.820000 0.340755
0.340000 0.820000 0.359321
0.360000 0.820000 0.377631
0.380000 0.820000 0.395692
0.400000 0.820000 0.413511
0.420000 0.820000 0.431095
0.440000 0.820000 0.448450
0.460000 0.820000 0.465583
0.480000 0.820000 0.482500
0.500000 0.820000 0.499209
0.520000 0.820000 0.515714
0.540000 0.820000 0.532023
0.560000 0.820000 0.548141
0.580000 0.820000 0.564074
0.600000 0.820000 0.579827
0.620000 0.820000 0.595405
0.640000 0.820000 0.610814
0.660000 0.820000 0.626057
0.680000 0.820000 0.641138
0.700000 0.820000 0.656059
0.720000 0.820000 0.670819
0.740000 0.820000 0.685410
0.760000 0.820000 0.699809
0.780000 0.820000 0.713964
0.800000 0.820000 0.727755
0.820000 0.820000 0.740917
0.840000 0.820000 0.752870
0.860000 0.820000 0.762355
0.880000 0.820000 0.766630
0.900000 0.820000 0.759740
0.920000 0.820000 0.728759
0.940000 0.820000 0.645628
0.960000 0.820000 0.449465
0.980000 0.820000 0.008197

0.000000 0.800000 0.008197
0.020000 0.800000 0.030614
0.040000 0.800000 0.052967
0.060000 0.800000 0.075233
0.080000 0.800000 0.097390
0.100000 0.800000 0.119415
0.120000 0.800000 0.141287
0.140000 0.800000 0.162987
0.160000 0.800000 0.184500
0.180000 0.800000 0.205813
0.200000 0.800000 0.226915
0.220000 0.800000 0.247799
0.240000 0.800000 0.268459
0.260000 0.800000 0.288891
0.280000 0.800000 0.309094
0.300000 0.800000 0.329068
0.320000 0.800000 0.348813
0.340000 0.800000 0.368331
0.360000 0.800000 0.387624
0.380000 0.800000 0.406697
0.400000 0.800000 0.425552
0.420000 0.800000 0.444194
0.440000 0.800000 0.462626
0.460000 0.800000 0.480853
0.480000 0.800000 0.498880
0.500000 0.800000 0.516712
0.520000 0.800000 0.534352
0.540000 0.800000 0.551805
0.560000 0.800000 0.569076
0.580000 0.800000 0.586170
0.600000 0.800000 0.603090
0.620000 0.800000 0.619840
0.640000 0.800000 0.636425
0.660000 0.800000 0.652849
0.680000 0.800000 0.669113
0.700000 0.800000 0.685219
0.720000 0.800000 0.701165
0.740000 0.800000 0.716941
0.760000 0.800000 0.732522
0.780000 0.800000 0.747853
0.800000 0.800000 0.762803
0.820000 0.800000 0.777091
0.840000 0.800000 0.790100
0.860000 0.800000 0.800493
0.880000 0.800000 0.805365
0.900000 0.800000 0.798421
0.920000 0.800000 0.766022
0.940000 0.800000 0.678615
0.960000 0.800000 0.472201
0.980000 0.800000 0.008197

0.000000 0.780000 0.008197
0.020000 0.780000 0.030647
0.040000 0.780000 0.053058
0.060000 0.780000 0.075415
0.080000 0.780000 0.097702
0.100000 0.780000 0.119902
0.120000 0.780000 0.141999
0.140000 0.780000 0.163976
0.160000 0.780000 0.185821
0.180000 0.780000 0.207519
0.200000 0.780000 0.229060
0.220000 0.780000 0.250435
0.240000 0.780000 0.271635
0.260000 0.780000 0.292656
0.280000 0.780000 0.313491
0.300000 0.780000 0.334139
0.320000 0.780000 0.354597
0.340000 0.780000 0.374864
0.360000 0.780000 0.394939
0.380000 0.780000 0.414824
0.400000 0.780000 0.434518
0.420000 0.780000 0.454025
0.440000 0.780000 0.473345
0.460000 0.780000 0.492482
0.480000 0.780000 0.511437
0.500000 0.780000 0.530213
0.520000 0.780000 0.548814
0.540000 0.780000 0.567243
0.560000 0.780000 0.585502
0.580000 0.780000 0.603594
0.600000 0.780000 0.621524
0.620000 0.780000 0.639293
0.640000 0.780000 0.656905
0.660000 0.780000 0.674363
0.680000 0.780000 0.691667
0.700000 0.780000 0.708819
0.720000 0.780000 0.725815
0.740000 0.780000 0.742645
0.760000 0.780000 0.759281
0.780000 0.780000 0.775662
0.800000 0.780000 0.791653
0.820000 0.780000 0.806956
0.840000 0.780000 0.820923
0.860000 0.780000 0.832149
0.880000 0.780000 0.837594
0.900000 0.780000 0.830674
0.920000 0.780000 0.797146
0.940000 0.780000 0.706204
0.960000 0.780000 0.491232
0.980000 0.780000 0.008197

0.000000 0.760000 0.008197
0.020000 0.760000 0.030667
0.040000 0.760000 0.053113
0.060000 0.760000 0.075525
0.080000 0.760000 0.097892
0.100000 0.760000 0.120203
0.120000 0.760000 0.142445
0.140000 0.760000 0.164605
0.160000 0.760000 0.186672
0.180000 0.760000 0.208634
0.200000 0.760000 0.230482
0.220000 0.760000 0.252205
0.240000 0.760000 0.273796
0.260000 0.760000 0.295248
0.280000 0.760000 0.316555
0.300000 0.760000 0.337712
0.320000 0.760000 0.358714
0.340000 0.760000 0.379560
0.360000 0.760000 0.400247
0.380000 0.760000 0.420773
0.400000 0.760000 0.441137
0.420000 0.760000 0.461340
0.440000 0.760000 0.481381
0.460000 0.760000 0.501261
0.480000 0.760000 0.520981
0.500000 0.760000 0.540542
0.520000 0.760000 0.559945
0.540000 0.760000 0.579193
0.560000 0.760000 0.598286
0.580000 0.760000 0.617228
0.600000 0.760000 0.636019
0.620000 0.760000 0.654663
0.640000 0.760000 0.673160
0.660000 0.760000 0.691513
0.680000 0.760000 0.709722
0.700000 0.760000 0.727787
0.720000 0.760000 0.745703
0.740000 0.760000 0.763458
0.760000 0.760000 0.781025
0.780000 0.760000 0.798337
0.800000 0.760000 0.815252
0.820000 0.760000 0.831460
0.840000 0.760000 0.846286
0.860000 0.760000 0.858269
0.880000 0.760000 0.864252
0.900000 0.760000 0.857410
0.920000 0.760000 0.822995
0.940000 0.760000 0.729150
0.960000 0.760000 0.507073
0.980000 0.760000 0.008197

0.000000 0.740000 0.008197
0.020000 0.740000 0.030679
0.040000 0.740000 0.053146
0.060000 0.740000 0.075591
0.080000 0.740000 0.098009
0.100000 0.740000 0.120389
0.120000 0.740000 0.142724
0.140000 0.740000 0.165004
0.160000 0.740000 0.187219
0.180000 0.740000 0.209361
0.200000 0.740000 0.231420
0.220000 0.740000 0.253388
0.240000 0.740000 0.275258
0.260000 0.740000 0.297022
0.280000 0.740000 0.318674
0.300000 0.740000 0.340209
0.320000 0.740000 0.361622
0.340000 0.740000 0.382909
0.360000 0.740000 0.404067
0.380000 0.740000 0.425092
0.400000 0.740000 0.445983
0.420000 0.740000 0.466738
0.440000 0.740000 0.487355
0.460000 0.740000 0.507835
0.480000 0.740000 0.528176
0.500000 0.740000 0.548379
0.520000 0.740000 0.568444
0.540000 0.740000 0.588371
0.560000 0.740000 0.608161
0.580000 0.740000 0.627815
0.600000 0.740000 0.647333
0.620000 0.740000 0.666718
0.640000 0.740000 0.685969
0.660000 0.740000 0.705088
0.680000 0.740000 0.724075
0.700000 0.740000 0.742927
0.720000 0.740000 0.761641
0.740000 0.740000 0.780202
0.760000 0.740000 0.798580
0.780000 0.740000 0.816707
0.800000 0.740000 0.834435
0.820000 0.740000 0.851442
0.840000 0.740000 0.867031
0.860000 0.740000 0.879695
0.880000 0.740000 0.886176
0.900000 0.740000 0.879449
0.920000 0.740000 0.844343
0.940000 0.740000 0.748128
0.960000 0.740000 0.520188
0.980000 0.740000 0.008197

0.000000 0.720000 0.008197
0.020000 0.720000 0.030686
0.040000 0.720000 0.053165
0.060000 0.720000 0.075632
0.080000 0.720000 0.098080
0.100000 0.720000 0.120505
0.120000 0.720000 0.142899
0.140000 0.720000 0.165257
0.160000 0.720000 0.187570
0.180000 0.720000 0.209833
0.200000 0.720000 0.232036
0.220000 0.720000 0.254175
0.240000 0.720000 0.276241
0.260000 0.720000 0.298228
0.280000 0.720000 0.320131
0.300000 0.720000 0.341944
0.320000 0.720000 0.363662
0.340000 0.720000 0.385281
0.360000 0.720000 0.406796
0.380000 0.720000 0.428205
0.400000 0.720000 0.449504
0.420000 0.720000 0.470691
0.440000 0.720000 0.491764
0.460000 0.720000 0.512721
0.480000 0.720000 0.533561
0.500000 0.720000 0.554282
0.520000 0.720000 0.574885
0.540000 0.720000 0.595368
0.560000 0.720000 0.615732
0.580000 0.720000 0.635976
0.600000 0.720000 0.656101
0.620000 0.720000 0.676106
0.640000 0.720000 0.695993
0.660000 0.720000 0.715761
0.680000 0.720000 0.735408
0.700000 0.720000 0.754934
0.720000 0.720000 0.774331
0.740000 0.720000 0.793585
0.760000 0.720000 0.812665
0.780000 0.720000 0.831500
0.800000 0.720000 0.849936
0.820000 0.720000 0.867643
0.840000 0.720000 0.883903
0.860000 0.720000 0.897170
0.880000 0.720000 0.904107
0.900000 0.720000 0.897516
0.920000 0.720000 0.861879
0.940000 0.720000 0.763741
0.960000 0.720000 0.530988
0.980000 0.720000 0.008197

0.000000 0.700000 0.008197
0.020000 0.700000 0.030690
0.040000 0.700000 0.053177
0.060000 0.700000 0.075657
0.080000 0.700000 0.098124
0.100000 0.700000 0.120577
0.120000 0.700000 0.143009
0.140000 0.700000 0.165417
0.160000 0.700000 0.187795
0.180000 0.700000 0.210138
0.200000 0.700000 0.232440
0.220000 0.700000 0.254696
0.240000 0.700000 0.276899
0.260000 0.700000 0.299044
0.280000 0.700000 0.321127
0.300000 0.700000 0.343142
0.320000 0.700000 0.365084
0.340000 0.700000 0.386949
0.360000 0.700000 0.408733
0.380000 0.700000 0.430433
0.400000 0.700000 0.452045
0.420000 0.700000 0.473566
0.440000 0.700000 0.494994
0.460000 0.700000 0.516326
0.480000 0.700000 0.537561
0.500000 0.700000 0.558697
0.520000 0.700000 0.579732
0.540000 0.700000 0.600666
0.560000 0.700000 0.621497
0.580000 0.700000 0.642225
0.600000 0.700000 0.662850
0.620000 0.700000 0.683370
0.640000 0.700000 0.703786
0.660000 0.700000 0.724097
0.680000 0.700000 0.744301
0.700000 0.700000 0.764396
0.720000 0.700000 0.784374
0.740000 0.700000 0.804220
0.760000 0.700000 0.823900
0.780000 0.700000 0.843343
0.800000 0.700000 0.862391
0.820000 0.700000 0.880704
0.840000 0.700000 0.897550
0.860000 0.700000 0.911348
0.880000 0.700000 0.918695
0.900000 0.700000 0.912252
0.920000 0.700000 0.876212
0.940000 0.700000 0.776522
0.960000 0.700000 0.539838
0.980000 0.700000 0.008197

0.000000 0.680000 0.008197
0.020000 0.680000 0.030693
0.040000 0.680000 0.053185
0.060000 0.680000 0.075672
0.080000 0.680000 0.098152
0.100000 0.680000 0.120621
0.120000 0.680000 0.143078
0.140000 0.680000 0.165519
0.160000 0.680000 0.187940
0.180000 0.680000 0.210336
0.200000 0.680000 0.232704
0.220000 0.680000 0.255040
0.240000 0.680000 0.277338
0.260000 0.680000 0.299594
0.280000 0.680000 0.321805
0.300000 0.680000 0.343964
0.320000 0.680000 0.366069
0.340000 0.680000 0.388115
0.360000 0.680000 0.410099
0.380000 0.680000 0.432017
0.400000 0.680000 0.453866
0.420000 0.680000 0.475643
0.440000 0.680000 0.497344
0.460000 0.680000 0.518969
0.480000 0.680000 0.540513
0.500000 0.680000 0.561976
0.520000 0.680000 0.583356
0.540000 0.680000 0.604650
0.560000 0.680000 0.625859
0.580000 0.680000 0.646980
0.600000 0.680000 0.668012
0.620000 0.680000 0.688956
0.640000 0.680000 0.709809
0.660000 0.680000 0.730570
0.680000 0.680000 0.751239
0.700000 0.680000 0.771810
0.720000 0.680000 0.792277
0.740000 0.680000 0.812623
0.760000 0.680000 0.832814
0.780000 0.680000 0.852776
0.800000 0.680000 0.872347
0.820000 0.680000 0.891182
0.840000 0.680000 0.908534
0.860000 0.680000 0.922796
0.880000 0.680000 0.930507
0.900000 0.680000 0.924215
0.920000 0.680000 0.887872
0.940000 0.680000 0.786938
0.960000 0.680000 0.547057
0.980000 0.680000 0.008197

0.000000 0.660000 0.008197
0.020000 0.660000 0.030694
0.040000 0.660000 0.053189
0.060000 0.660000 0.075681
0.080000 0.660000 0.098169
0.100000 0.660000 0.120649
0.120000 0.660000 0.143122
0.140000 0.660000 0.165584
0.160000 0.660000 0.188032
0.180000 0.660000 0.210464
0.200000 0.660000 0.232877
0.220000 0.660000 0.255267
0.240000 0.660000 0.277630
0.260000 0.660000 0.299964
0.280000 0.660000 0.322264
0.300000 0.660000 0.344527
0.320000 0.660000 0.366749
0.340000 0.660000 0.388927
0.360000 0.660000 0.411058
0.380000 0.660000 0.433138
0.400000 0.660000 0.455165
0.420000 0.660000 0.477135
0.440000 0.660000 0.499046
0.460000 0.660000 0.520895
0.480000 0.660000 0.542680
0.500000 0.660000 0.564399
0.520000 0.660000 0.586050
0.540000 0.660000 0.607631
0.560000 0.660000 0.629140
0.580000 0.660000 0.650577
0.600000 0.660000 0.671940
0.620000 0.660000 0.693227
0.640000 0.660000 0.714438
0.660000 0.660000 0.735571
0.680000 0.660000 0.756623
0.700000 0.660000 0.777591
0.720000 0.660000 0.798466
0.740000 0.660000 0.819232
0.760000 0.660000 0.839854
0.780000 0.660000 0.860254
0.800000 0.660000 0.880271
0.820000 0.660000 0.899551
0.840000 0.660000 0.917338
0.860000 0.660000 0.932002
0.880000 0.660000 0.940035
0.900000 0.660000 0.933889
0.920000 0.660000 0.897323
0.940000 0.660000 0.795394
0.960000 0.660000 0.552924
0.980000 0.660000 0.008197

0.000000 0.640000 0.008197
0.020000 0.640000 0.030695
0.040000 0.640000 0.053192
0.060000 0.640000 0.075687
0.080000 0.640000 0.098179
0.100000 0.640000 0.120667
0.120000 0.640000 0.143149
0.140000 0.640000 0.165625
0.160000 0.640000 0.188091
0.180000 0.640000 0.210547
0.200000 0.640000 0.232989
0.220000 0.640000 0.255416
0.240000 0.640000 0.277824
0.260000 0.640000 0.300211
0.280000 0.640000 0.322574
0.300000 0.640000 0.344910
0.320000 0.640000 0.367216
0.340000 0.640000 0.389490
0.360000 0.640000 0.411728
0.380000 0.640000 0.433928
0.400000 0.640000 0.456087
0.420000 0.640000 0.478202
0.440000 0.640000 0.500271
0.460000 0.640000 0.522292
0.480000 0.640000 0.544262
0.500000 0.640000 0.566180
0.520000 0.640000 0.588043
0.540000 0.640000 0.609849
0.560000 0.640000 0.631598
0.580000 0.640000 0.653287
0.600000 0.640000 0.674915
0.620000 0.640000 0.696480
0.640000 0.640000 0.717982
0.660000 0.640000 0.739418
0.680000 0.640000 0.760786
0.700000 0.640000 0.782081
0.720000 0.640000 0.803296
0.740000 0.640000 0.824412
0.760000 0.640000 0.845394
0.780000 0.640000 0.866165
0.800000 0.640000 0.886558
0.820000 0.640000 0.906217
0.840000 0.640000 0.924376
0.860000 0.640000 0.939385
0.880000 0.640000 0.947699
0.900000 0.640000 0.941693
0.920000 0.640000 0.904964
0.940000 0.640000 0.802242
0.960000 0.640000 0.557682
0.980000 0.640000 0.008197

0.000000 0.620000 0.008197
0.020000 0.620000 0.030696
0.040000 0.620000 0.053194
0.060000 0.620000 0.075691
0.080000 0.620000 0.098186
0.100000 0.620000 0.120678
0.120000 0.620000 0.143167
0.140000 0.620000 0.165651
0.160000 0.620000 0.188129
0.180000 0.620000 0.210600
0.200000 0.620000 0.233063
0.220000 0.620000 0.255514
0.240000 0.620000 0.277952
0.260000 0.620000 0.300376
0.280000 0.620000 0.322783
0.300000 0.620000 0.345170
0.320000 0.620000 0.367536
0.340000 0.620000 0.389879
0.360000 0.620000 0.412195
0.380000 0.620000 0.434482
0.400000 0.620000 0.456739
0.420000 0.620000 0.478963
0.440000 0.620000 0.501151
0.460000 0.620000 0.523302
0.480000 0.620000 0.545414
0.500000 0.620000 0.567485
0.520000 0.620000 0.589513
0.540000 0.620000 0.611497
0.560000 0.620000 0.633434
0.580000 0.620000 0.655323
0.600000 0.620000 0.677163
0.620000 0.620000 0.698952
0.640000 0.620000 0.720689
0.660000 0.620000 0.742372
0.680000 0.620000 0.763999
0.700000 0.620000 0.785564
0.720000 0.620000 0.807059
0.740000 0.620000 0.828467
0.760000 0.620000 0.849750
0.780000 0.620000 0.870831
0.800000 0.620000 0.891542
0.820000 0.620000 0.911521
0.840000 0.620000 0.929996
0.860000 0.620000 0.945302
0.880000 0.620000 0.953861
0.900000 0.620000 0.947985
0.920000 0.620000 0.911139
0.940000 0.620000 0.807787
0.960000 0.620000 0.561537
0.980000 0.620000 0.008197

0.000000 0.600000 0.008197
0.020000 0.600000 0.030696
0.040000 0.600000 0.053195
0.060000 0.600000 0.075693
0.080000 0.600000 0.098190
0.100000 0.600000 0.120685
0.120000 0.600000 0.143178
0.140000 0.600000 0.165668
0.160000 0.600000 0.188154
0.180000 0.600000 0.210635
0.200000 0.600000 0.233110
0.220000 0.600000 0.255578
0.240000 0.600000 0.278038
0.260000 0.600000 0.300487
0.280000 0.600000 0.322924
0.300000 0.600000 0.345348
0.320000 0.600000 0.367756
0.340000 0.600000 0.390147
0.360000 0.600000 0.412520
0.380000 0.600000 0.434871
0.400000 0.600000 0.457200
0.420000 0.600000 0.479505
0.440000 0.600000 0.501783
0.460000 0.600000 0.524033
0.480000 0.600000 0.546254
0.500000 0.600000 0.568443
0.520000 0.600000 0.590599
0.540000 0.600000 0.612720
0.560000 0.600000 0.634806
0.580000 0.600000 0.656854
0.600000 0.600000 0.678864
0.620000 0.600000 0.700833
0.640000 0.600000 0.722760
0.660000 0.600000 0.744644
0.680000 0.600000 0.766482
0.700000 0.600000 0.788269
0.720000 0.600000 0.809997
0.740000 0.600000 0.831647
0.760000 0.600000 0.853182
0.780000 0.600000 0.874523
0.800000 0.600000 0.895501
0.820000 0.600000 0.915753
0.840000 0.600000 0.934496
0.860000 0.600000 0.950056
0.880000 0.600000 0.958828
0.900000 0.600000 0.953070
0.920000 0.600000 0.916142
0.940000 0.600000 0.812287
0.960000 0.600000 0.564670
0.980000 0.600000 0.008197

0.000000 0.580000 0.008197
0.020000 0.580000 0.030696
0.040000 0.580000 0.053196
0.060000 0.580000 0.075694
0.080000 0.580000 0.098192
0.100000 0.580000 0.120689
0.120000 0.580000 0.143185
0.140000 0.580000 0.165679
0.160000 0.580000 0.188170
0.180000 0.580000 0.210658
0.200000 0.580000 0.233142
0.220000 0.580000 0.255621
0.240000 0.580000 0.278095
0.260000 0.580000 0.300561
0.280000 0.580000 0.323020
0.300000 0.580000 0.345469
0.320000 0.580000 0.367908
0.340000 0.580000 0.390334
0.360000 0.580000 0.412748
0.380000 0.580000 0.435146
0.400000 0.580000 0.457529
0.420000 0.580000 0.479894
0.440000 0.580000 0.502240
0.460000 0.580000 0.524565
0.480000 0.580000 0.546869
0.500000 0.580000 0.569150
0.520000 0.580000 0.591406
0.540000 0.580000 0.613636
0.560000 0.580000 0.635839
0.580000 0.580000 0.658014
0.600000 0.580000 0.680159
0.620000 0.580000 0.702274
0.640000 0.580000 0.724357
0.660000 0.580000 0.746405
0.680000 0.580000 0.768417
0.700000 0.580000 0.790387
0.720000 0.580000 0.812308
0.740000 0.580000 0.834160
0.760000 0.580000 0.855907
0.780000 0.580000 0.877468
0.800000 0.580000 0.898672
0.820000 0.580000 0.919154
0.840000 0.580000 0.938127
0.860000 0.580000 0.953905
0.880000 0.580000 0.962862
0.900000 0.580000 0.957212
0.920000 0.580000 0.920225
0.940000 0.580000 0.815966
0.960000 0.580000 0.567234
0.980000 0.580000 0.008197

0.000000 0.560000 0.008197
0.020000 0.560000 0.030696
0.040000 0.560000 0.053196
0.060000 0.560000 0.075695
0.080000 0.560000 0.098194
0.100000 0.560000 0.120692
0.120000 0.560000 0.143190
0.140000 0.560000 0.165686
0.160000 0.560000 0.188180
0.180000 0.560000 0.210673
0.200000 0.560000 0.233163
0.220000 0.560000 0.255650
0.240000 0.560000 0.278133
0.260000 0.560000 0.300612
0.280000 0.560000 0.323086
0.300000 0.560000 0.345553
0.320000 0.560000 0.368014
0.340000 0.560000 0.390466
0.360000 0.560000 0.412910
0.380000 0.560000 0.435344
0.400000 0.560000 0.457767
0.420000 0.560000 0.480178
0.440000 0.560000 0.502576
0.460000 0.560000 0.524959
0.480000 0.560000 0.547328
0.500000 0.560000 0.569680
0.520000 0.560000 0.592015
0.540000 0.560000 0.614332
0.560000 0.560000 0.636630
0.580000 0.560000 0.658908
0.600000 0.560000 0.681164
0.620000 0.560000 0.703398
0.640000 0.560000 0.725608
0.660000 0.560000 0.747793
0.680000 0.560000 0.769950
0.700000 0.560000 0.792074
0.720000 0.560000 0.814157
0.740000 0.560000 0.836180
0.760000 0.560000 0.858106
0.780000 0.560000 0.879853
0.800000 0.560000 0.901251
0.820000 0.560000 0.921931
0.840000 0.560000 0.941102
0.860000 0.560000 0.957068
0.880000 0.560000 0.966186
0.900000 0.560000 0.960633
0.920000 0.560000 0.923606
0.940000 0.560000 0.819017
0.960000 0.560000 0.569362
0.980000 0.560000 0.008197

0.000000 0.540000 0.008197
0.020000 0.540000 0.030697
0.040000 0.540000 0.053196
0.060000 0.540000 0.075696
0.080000 0.540000 0.098195
0.100000 0.540000 0.120694
0.120000 0.540000 0.143193
0.140000 0.540000 0.165691
0.160000 0.540000 0.188187
0.180000 0.540000 0.210683
0.200000 0.540000 0.233178
0.220000 0.540000 0.255670
0.240000 0.540000 0.278161
0.260000 0.540000 0.300648
0.280000 0.540000 0.323133
0.300000 0.540000 0.345614
0.320000 0.540000 0.368091
0.340000 0.540000 0.390563
0.360000 0.540000 0.413030
0.380000 0.540000 0.435491
0.400000 0.540000 0.457945
0.420000 0.540000 0.480392
0.440000 0.540000 0.502831
0.460000 0.540000 0.525262
0.480000 0.540000 0.547682
0.500000 0.540000 0.570093
0.520000 0.540000 0.592493
0.540000 0.540000 0.614881
0.560000 0.540000 0.637257
0.580000 0.540000 0.659620
0.600000 0.540000 0.681969
0.620000 0.540000 0.704303
0.640000 0.540000 0.726621
0.660000 0.540000 0.748922
0.680000 0.540000 0.771203
0.700000 0.540000 0.793458
0.720000 0.540000 0.815681
0.740000 0.540000 0.837851
0.760000 0.540000 0.859932
0.780000 0.540000 0.881842
0.800000 0.540000 0.903408
0.820000 0.540000 0.924259
0.840000 0.540000 0.943603
0.860000 0.540000 0.959734
0.880000 0.540000 0.968995
0.900000 0.540000 0.963529
0.920000 0.540000 0.926471
0.940000 0.540000 0.821605
0.960000 0.540000 0.571169
0.980000 0.540000 0.008197

0.000000 0.520000 0.008197
0.020000 0.520000 0.030697
0.040000 0.520000 0.053197
0.060000 0.520000 0.075696
0.080000 0.520000 0.098196
0.100000 0.520000 0.120696
0.120000 0.520000 0.143195
0.140000 0.520000 0.165694
0.160000 0.520000 0.188193
0.180000 0.520000 0.210691
0.200000 0.520000 0.233189
0.220000 0.520000 0.255685
0.240000 0.520000 0.278181
0.260000 0.520000 0.300676
0.280000 0.520000 0.323170
0.300000 0.520000 0.345662
0.320000 0.520000 0.368152
0.340000 0.520000 0.390640
0.360000 0.520000 0.413126
0.380000 0.520000 0.435609
0.400000 0.520000 0.458089
0.420000 0.520000 0.480566
0.440000 0.520000 0.503040
0.460000 0.520000 0.525509
0.480000 0.520000 0.547974
0.500000 0.520000 0.570435
0.520000 0.520000 0.592890
0.540000 0.520000 0.615340
0.560000 0.520000 0.637784
0.580000 0.520000 0.660221
0.600000 0.520000 0.682651
0.620000 0.520000 0.705073
0.640000 0.520000 0.727487
0.660000 0.520000 0.749890
0.680000 0.520000 0.772280
0.700000 0.520000 0.794652
0.720000 0.520000 0.816998
0.740000 0.520000 0.839300
0.760000 0.520000 0.861518
0.780000 0.520000 0.883572
0.800000 0.520000 0.905288
0.820000 0.520000 0.926293
0.840000 0.520000 0.945790
0.860000 0.520000 0.962068
0.880000 0.520000 0.971455
0.900000 0.520000 0.966068
0.920000 0.520000 0.928985
0.940000 0.520000 0.823877
0.960000 0.520000 0.572756
0.980000 0.520000 0.008197

0.000000 0.500000 0.008197
0.020000 0.500000 0.030697
0.040000 0.500000 0.053197
0.060000 0.500000 0.075697
0.080000 0.500000 0.098197
0.100000 0.500000 0.120697
0.120000 0.500000 0.143197
0.140000 0.500000 0.165697
0.160000 0.500000 0.188197
0.180000 0.500000 0.210698
0.200000 0.500000 0.233198
0.220000 0.500000 0.255699
0.240000 0.500000 0.278199
0.260000 0.500000 0.300700
0.280000 0.500000 0.323202
0.300000 0.500000 0.345703
0.320000 0.500000 0.368205
0.340000 0.500000 0.390708
0.360000 0.500000 0.413210
0.380000 0.500000 0.435714
0.400000 0.500000 0.458218
0.420000 0.500000 0.480722
0.440000 0.500000 0.503227
0.460000 0.500000 0.525733
0.480000 0.500000 0.548239
0.500000 0.500000 0.570745
0.520000 0.500000 0.593252
0.540000 0.500000 0.615759
0.560000 0.500000 0.638266
0.580000 0.500000 0.660772
0.600000 0.500000 0.683278
0.620000 0.500000 0.705782
0.640000 0.500000 0.728283
0.660000 0.500000 0.750781
0.680000 0.500000 0.773272
0.700000 0.500000 0.795753
0.720000 0.500000 0.818214
0.740000 0.500000 0.840636
0.760000 0.500000 0.862982
0.780000 0.500000 0.885168
0.800000 0.500000 0.907021
0.820000 0.500000 0.928167
0.840000 0.500000 0.947804
0.860000 0.500000 0.964216
0.880000 0.500000 0.973718
0.900000 0.500000 0.968401
0.920000 0.500000 0.931293
0.940000 0.500000 0.825962
0.960000 0.500000 0.574211
0.980000 0.500000 0.008197

0.000000 0.480000 0.008197
0.020000 0.480000 0.030697
0.040000 0.480000 0.053197
0.060000 0.480000 0.075697
0.080000 0.480000 0.098198
0.100000 0.480000 0.120698
0.120000 0.480000 0.143199
0.140000 0.480000 0.165700
0.160000 0.480000 0.188202
0.180000 0.480000 0.210704
0.200000 0.480000 0.233208
0.220000 0.480000 0.255712
0.240000 0.480000 0.278218
0.260000 0.480000 0.300725
0.280000 0.480000 0.323234
0.300000 0.480000 0.345746
0.320000 0.480000 0.368260
0.340000 0.480000 0.390777
0.360000 0.480000 0.413297
0.380000 0.480000 0.435821
0.400000 0.480000 0.458349
0.420000 0.480000 0.480882
0.440000 0.480000 0.503419
0.460000 0.480000 0.525961
0.480000 0.480000 0.548509
0.500000 0.480000 0.571062
0.520000 0.480000 0.593620
0.540000 0.480000 0.616185
0.560000 0.480000 0.638754
0.580000 0.480000 0.661330
0.600000 0.480000 0.683910
0.620000 0.480000 0.706495
0.640000 0.480000 0.729084
0.660000 0.480000 0.751675
0.680000 0.480000 0.774266
0.700000 0.480000 0.796852
0.720000 0.480000 0.819424
0.740000 0.480000 0.841964
0.760000 0.480000 0.864431
0.780000 0.480000 0.886745
0.800000 0.480000 0.908728
0.820000 0.480000 0.930006
0.840000 0.480000 0.949775
0.860000 0.480000 0.966311
0.880000 0.480000 0.975919
0.900000 0.480000 0.970665
0.920000 0.480000 0.933527
0.940000 0.480000 0.827976
0.960000 0.480000 0.575615
0.980000 0.480000 0.008197

0.000000 0.460000 0.008197
0.020000 0.460000 0.030697
0.040000 0.460000 0.053197
0.060000 0.460000 0.075698
0.080000 0.460000 0.098198
0.100000 0.460000 0.120700
0.120000 0.460000 0.143201
0.140000 0.460000 0.165704
0.160000 0.460000 0.188208
0.180000 0.460000 0.210713
0.200000 0.460000 0.233220
0.220000 0.460000 0.255729
0.240000 0.460000 0.278240
0.260000 0.460000 0.300755
0.280000 0.460000 0.323274
0.300000 0.460000 0.345797
0.320000 0.460000 0.368325
0.340000 0.460000 0.390859
0.360000 0.460000 0.413399
0.380000 0.460000 0.435947
0.400000 0.460000 0.458502
0.420000 0.460000 0.481066
0.440000 0.460000 0.503640
0.460000 0.460000 0.526223
0.480000 0.460000 0.548816
0.500000 0.460000 0.571421
0.520000 0.460000 0.594036
0.540000 0.460000 0.616663
0.560000 0.460000 0.639301
0.580000 0.460000 0.661950
0.600000 0.460000 0.684610
0.620000 0.460000 0.707281
0.640000 0.460000 0.729962
0.660000 0.460000 0.752650
0.680000 0.460000 0.775344
0.700000 0.460000 0.798039
0.720000 0.460000 0.820724
0.740000 0.460000 0.843382
0.760000 0.460000 0.865972
0.780000 0.460000 0.888411
0.800000 0.460000 0.910523
0.820000 0.460000 0.931930
0.840000 0.460000 0.951825
0.860000 0.460000 0.968480
0.880000 0.460000 0.978185
0.900000 0.460000 0.972985
0.920000 0.460000 0.935808
0.940000 0.460000 0.830027
0.960000 0.460000 0.577042
0.980000 0.460000 0.008197

0.000000 0.440000 0.008197
0.020000 0.440000 0.030697
0.040000 0.440000 0.053197
0.060000 0.440000 0.075698
0.080000 0.440000 0.098200
0.100000 0.440000 0.120702
0.120000 0.440000 0.143205
0.140000 0.440000 0.165709
0.160000 0.440000 0.188216
0.180000 0.440000 0.210724
0.200000 0.440000 0.233236
0.220000 0.440000 0.255751
0.240000 0.440000 0.278270
0.260000 0.440000 0.300795
0.280000 0.440000 0.323326
0.300000 0.440000 0.345864
0.320000 0.440000 0.368410
0.340000 0.440000 0.390966
0.360000 0.440000 0.413532
0.380000 0.440000 0.436109
0.400000 0.440000 0.458698
0.420000 0.440000 0.481301
0.440000 0.440000 0.503918
0.460000 0.440000 0.526551
0.480000 0.440000 0.549199
0.500000 0.440000 0.571864
0.520000 0.440000 0.594546
0.540000 0.440000 0.617245
0.560000 0.440000 0.639961
0.580000 0.440000 0.662694
0.600000 0.440000 0.685445
0.620000 0.440000 0.708212
0.640000 0.440000 0.730994
0.660000 0.440000 0.753789
0.680000 0.440000 0.776594
0.700000 0.440000 0.799405
0.720000 0.440000 0.822211
0.740000 0.440000 0.844992
0.760000 0.440000 0.867709
0.780000 0.440000 0.890277
0.800000 0.440000 0.912518
0.820000 0.440000 0.934054
0.840000 0.440000 0.954074
0.860000 0.440000 0.970843
0.880000 0.440000 0.980639
0.900000 0.440000 0.975482
0.920000 0.440000 0.938251
0.940000 0.440000 0.832214
0.960000 0.440000 0.578560
0.980000 0.440000 0.008197

0.000000 0.420000 0.008197
0.020000 0.420000 0.030697
0.040000 0.420000 0.053198
0.060000 0.420000 0.075699
0.080000 0.420000 0.098202
0.100000 0.420000 0.120705
0.120000 0.420000 0.143210
0.140000 0.420000 0.165717
0.160000 0.420000 0.188227
0.180000 0.420000 0.210741
0.200000 0.420000 0.233259
0.220000 0.420000 0.255783
0.240000 0.420000 0.278314
0.260000 0.420000 0.300853
0.280000 0.420000 0.323401
0.300000 0.420000 0.345959
0.320000 0.420000 0.368530
0.340000 0.420000 0.391114
0.360000 0.420000 0.413714
0.380000 0.420000 0.436329
0.400000 0.420000 0.458963
0.420000 0.420000 0.481616
0.440000 0.420000 0.504289
0.460000 0.420000 0.526984
0.480000 0.420000 0.549701
0.500000 0.420000 0.572440
0.520000 0.420000 0.595203
0.540000 0.420000 0.617990
0.560000 0.420000 0.640800
0.580000 0.420000 0.663634
0.600000 0.420000 0.686490
0.620000 0.420000 0.709368
0.640000 0.420000 0.732266
0.660000 0.420000 0.755182
0.680000 0.420000 0.778112
0.700000 0.420000 0.801051
0.720000 0.420000 0.823988
0.740000 0.420000 0.846903
0.760000 0.420000 0.869754
0.780000 0.420000 0.892457
0.800000 0.420000 0.914832
0.820000 0.420000 0.936497
0.840000 0.420000 0.956640
0.860000 0.420000 0.973518
0.880000 0.420000 0.983397
0.900000 0.420000 0.978270
0.920000 0.420000 0.940963
0.940000 0.420000 0.834631
0.960000 0.420000 0.580232
0.980000 0.420000 0.008197

0.000000 0.400000 0.008197
0.020000 0.400000 0.030697
0.040000 0.400000 0.053199
0.060000 0.400000 0.075701
0.080000 0.400000 0.098204
0.100000 0.400000 0.120710
0.120000 0.400000 0.143218
0.140000 0.400000 0.165729
0.160000 0.400000 0.188245
0.180000 0.400000 0.210767
0.200000 0.400000 0.233295
0.220000 0.400000 0.255832
0.240000 0.400000 0.278379
0.260000 0.400000 0.300937
0.280000 0.400000 0.323509
0.300000 0.400000 0.346097
0.320000 0.400000 0.368702
0.340000 0.400000 0.391326
0.360000 0.400000 0.413971
0.380000 0.400000 0.436639
0.400000 0.400000 0.459332
0.420000 0.400000 0.482051
0.440000 0.400000 0.504798
0.460000 0.400000 0.527573
0.480000 0.400000 0.550377
0.500000 0.400000 0.573211
0.520000 0.400000 0.596076
0.540000 0.400000 0.618972
0.560000 0.400000 0.641897
0.580000 0.400000 0.664851
0.600000 0.400000 0.687834
0.620000 0.400000 0.710844
0.640000 0.400000 0.733878
0.660000 0.400000 0.756933
0.680000 0.400000 0.780006
0.700000 0.400000 0.803089
0.720000 0.400000 0.826172
0.740000 0.400000 0.849232
0.760000 0.400000 0.872227
0.780000 0.400000 0.895071
0.800000 0.400000 0.917583
0.820000 0.400000 0.939380
0.840000 0.400000 0.959643
0.860000 0.400000 0.976624
0.880000 0.400000 0.986575
0.900000 0.400000 0.981459
0.920000 0.400000 0.944045
0.940000 0.400000 0.837364
0.960000 0.400000 0.582118
0.980000 0.400000 0.008197

0.000000 0.380000 0.008197
0.020000 0.380000 0.030698
0.040000 0.380000 0.053200
0.060000 0.380000 0.075703
0.080000 0.380000 0.098209
0.100000 0.380000 0.120718
0.120000 0.380000 0.143230
0.140000 0.380000 0.165748
0.160000 0.380000 0.188273
0.180000 0.380000 0.210806
0.200000 0.380000 0.233349
0.220000 0.380000 0.255905
0.240000 0.380000 0.278476
0.260000 0.380000 0.301063
0.280000 0.380000 0.323670
0.300000 0.380000 0.346299
0.320000 0.380000 0.368952
0.340000 0.380000 0.391631
0.360000 0.380000 0.414340
0.380000 0.380000 0.437080
0.400000 0.380000 0.459852
0.420000 0.380000 0.482660
0.440000 0.380000 0.505503
0.460000 0.380000 0.528383
0.480000 0.380000 0.551301
0.500000 0.380000 0.574256
0.520000 0.380000 0.597250
0.540000 0.380000 0.620281
0.560000 0.380000 0.643349
0.580000 0.380000 0.666452
0.600000 0.380000 0.689587
0.620000 0.380000 0.712754
0.640000 0.380000 0.735948
0.660000 0.380000 0.759165
0.680000 0.380000 0.782401
0.700000 0.380000 0.805647
0.720000 0.380000 0.828890
0.740000 0.380000 0.852108
0.760000 0.380000 0.875257
0.780000 0.380000 0.898249
0.800000 0.380000 0.920901
0.820000 0.380000 0.942827
0.840000 0.380000 0.963204
0.860000 0.380000 0.980277
0.880000 0.380000 0.990281
0.900000 0.380000 0.985151
0.920000 0.380000 0.947589
0.940000 0.380000 0.840491
0.960000 0.380000 0.584267
0.980000 0.380000 0.008197

0.000000 0.360000 0.008197
0.020000 0.360000 0.030699
0.040000 0.360000 0.053202
0.060000 0.360000 0.075708
0.080000 0.360000 0.098217
0.100000 0.360000 0.120730
0.120000 0.360000 0.143250
0.140000 0.360000 0.165778
0.160000 0.360000 0.188316
0.180000 0.360000 0.210867
0.200000 0.360000 0.233433
0.220000 0.360000 0.256017
0.240000 0.360000 0.278622
0.260000 0.360000 0.301252
0.280000 0.360000 0.323909
0.300000 0.360000 0.346596
0.320000 0.360000 0.369317
0.340000 0.360000 0.392074
0.360000 0.360000 0.414870
0.380000 0.360000 0.437708
0.400000 0.360000 0.460588
0.420000 0.360000 0.483513
0.440000 0.360000 0.506484
0.460000 0.360000 0.529502
0.480000 0.360000 0.552566
0.500000 0.360000 0.575677
0.520000 0.360000 0.598834
0.540000 0.360000 0.622035
0.560000 0.360000 0.645278
0.580000 0.360000 0.668562
0.600000 0.360000 0.691882
0.620000 0.360000 0.715235
0.640000 0.360000 0.738616
0.660000 0.360000 0.762021
0.680000 0.360000 0.785442
0.700000 0.360000 0.808869
0.720000 0.360000 0.832289
0.740000 0.360000 0.855676
0.760000 0.360000 0.878986
0.780000 0.360000 0.902128
0.800000 0.360000 0.924917
0.820000 0.360000 0.946964
0.840000 0.360000 0.967442
0.860000 0.360000 0.984586
0.880000 0.360000 0.994617
0.900000 0.360000 0.989436
0.920000 0.360000 0.951674
0.940000 0.360000 0.844074
0.960000 0.360000 0.586721
0.980000 0.360000 0.008197

0.000000 0.340000 0.008197
0.020000 0.340000 0.030700
0.040000 0.340000 0.053205
0.060000 0.340000 0.075714
0.080000 0.340000 0.098228
0.100000 0.340000 0.120750
0.120000 0.340000 0.143281
0.140000 0.340000 0.165824
0.160000 0.340000 0.188383
0.180000 0.340000 0.210960
0.200000 0.340000 0.233560
0.220000 0.340000 0.256187
0.240000 0.340000 0.278843
0.260000 0.340000 0.301534
0.280000 0.340000 0.324263
0.300000 0.340000 0.347034
0.320000 0.340000 0.369851
0.340000 0.340000 0.392716
0.360000 0.340000 0.415632
0.380000 0.340000 0.438602
0.400000 0.340000 0.461627
0.420000 0.340000 0.484709
0.440000 0.340000 0.507848
0.460000 0.340000 0.531045
0.480000 0.340000 0.554298
0.500000 0.340000 0.577606
0.520000 0.340000 0.600967
0.540000 0.340000 0.624379
0.560000 0.340000 0.647838
0.580000 0.340000 0.671339
0.600000 0.340000 0.694879
0.620000 0.340000 0.718452
0.640000 0.340000 0.742051
0.660000 0.340000 0.765669
0.680000 0.340000 0.789296
0.700000 0.340000 0.812922
0.720000 0.340000 0.836530
0.740000 0.340000 0.860093
0.760000 0.340000 0.883565
0.780000 0.340000 0.906851
0.800000 0.340000 0.929765
0.820000 0.340000 0.951915
0.840000 0.340000 0.972468
0.860000 0.340000 0.989651
0.880000 0.340000 0.999668
0.900000 0.340000 0.994385
0.920000 0.340000 0.956354
0.940000 0.340000 0.848154
0.960000 0.340000 0.589505
0.980000 0.340000 0.008197

0.000000 0.320000 0.008197
0.020000 0.320000 0.030701
0.040000 0.320000 0.053210
0.060000 0.320000 0.075724
0.080000 0.320000 0.098247
0.100000 0.320000 0.120781
0.120000 0.320000 0.143330
0.140000 0.320000 0.165897
0.160000 0.320000 0.188487
0.180000 0.320000 0.211106
0.200000 0.320000 0.233757
0.220000 0.320000 0.256446
0.240000 0.320000 0.279177
0.260000 0.320000 0.301957
0.280000 0.320000 0.324789
0.300000 0.320000 0.347678
0.320000 0.320000 0.370628
0.340000 0.320000 0.393642
0.360000 0.320000 0.416722
0.380000 0.320000 0.439871
0.400000 0.320000 0.463089
0.420000 0.320000 0.486378
0.440000 0.320000 0.509736
0.460000 0.320000 0.533162
0.480000 0.320000 0.556655
0.500000 0.320000 0.580211
0.520000 0.320000 0.603827
0.540000 0.320000 0.627497
0.560000 0.320000 0.651216
0.580000 0.320000 0.674978
0.600000 0.320000 0.698776
0.620000 0.320000 0.722602
0.640000 0.320000 0.746447
0.660000 0.320000 0.770302
0.680000 0.320000 0.794154
0.700000 0.320000 0.817990
0.720000 0.320000 0.841791
0.740000 0.320000 0.865527
0.760000 0.320000 0.889149
0.780000 0.320000 0.912562
0.800000 0.320000 0.935575
0.820000 0.320000 0.957792
0.840000 0.320000 0.978377
0.860000 0.320000 0.995547
0.880000 0.320000 1.005490
0.900000 0.320000 1.000034
0.920000 0.320000 0.961651
0.940000 0.320000 0.852739
0.960000 0.320000 0.592617
0.980000 0.320000 0.008197

0.000000 0.300000 0.008197
0.020000 0.300000 0.030704
0.040000 0.300000 0.053218
0.060000 0.300000 0.075741
0.080000 0.300000 0.098278
0.100000 0.300000 0.120831
0.120000 0.300000 0.143407
0.140000 0.300000 0.166012
0.160000 0.300000 0.188651
0.180000 0.300000 0.211331
0.200000 0.300000 0.234058
0.220000 0.300000 0.256839
0.240000 0.300000 0.279680
0.260000 0.300000 0.302588
0.280000 0.300000 0.325567
0.300000 0.300000 0.348621
0.320000 0.300000 0.371756
0.340000 0.300000 0.394973
0.360000 0.300000 0.418275
0.380000 0.300000 0.441662
0.400000 0.300000 0.465136
0.420000 0.300000 0.488693
0.440000 0.300000 0.512334
0.460000 0.300000 0.536053
0.480000 0.300000 0.559846
0.500000 0.300000 0.583709
0.520000 0.300000 0.607635
0.540000 0.300000 0.631616
0.560000 0.300000 0.655645
0.580000 0.300000 0.679711
0.600000 0.300000 0.703805
0.620000 0.300000 0.727916
0.640000 0.300000 0.752032
0.660000 0.300000 0.776141
0.680000 0.300000 0.800227
0.700000 0.300000 0.824273
0.720000 0.300000 0.848258
0.740000 0.300000 0.872149
0.760000 0.300000 0.895894
0.780000 0.300000 0.919395
0.800000 0.300000 0.942458
0.820000 0.300000 0.964684
0.840000 0.300000 0.985232
0.860000 0.300000 1.002311
0.880000 0.300000 1.012093
0.900000 0.300000 1.006369
0.920000 0.300000 0.967530
0.940000 0.300000 0.857783
0.960000 0.300000 0.596021
0.980000 0.300000 0.008197

0.000000 0.280000 0.008197
0.020000 0.280000 0.030709
0.040000 0.280000 0.053231
0.060000 0.280000 0.075769
0.080000 0.280000 0.098326
0.100000 0.280000 0.120911
0.120000 0.280000 0.143531
0.140000 0.280000 0.166193
0.160000 0.280000 0.188906
0.180000 0.280000 0.211679
0.200000 0.280000 0.234519
0.220000 0.280000 0.257436
0.240000 0.280000 0.280436
0.260000 0.280000 0.303525
0.280000 0.280000 0.326710
0.300000 0.280000 0.349995
0.320000 0.280000 0.373383
0.340000 0.280000 0.396876
0.360000 0.280000 0.420474
0.380000 0.280000 0.444177
0.400000 0.280000 0.467982
0.420000 0.280000 0.491886
0.440000 0.280000 0.515883
0.460000 0.280000 0.539968
0.480000 0.280000 0.564134
0.500000 0.280000 0.588370
0.520000 0.280000 0.612668
0.540000 0.280000 0.637016
0.560000 0.280000 0.661403
0.580000 0.280000 0.685815
0.600000 0.280000 0.710238
0.620000 0.280000 0.734659
0.640000 0.280000 0.759060
0.660000 0.280000 0.783426
0.680000 0.280000 0.807739
0.700000 0.280000 0.831978
0.720000 0.280000 0.856117
0.740000 0.280000 0.880121
0.760000 0.280000 0.903934
0.780000 0.280000 0.927456
0.800000 0.280000 0.950490
0.820000 0.280000 0.972633
0.840000 0.280000 0.993041
0.860000 0.280000 1.009917
0.880000 0.280000 1.019417
0.900000 0.280000 1.013300
0.920000 0.280000 0.973877
0.940000 0.280000 0.863169
0.960000 0.280000 0.599629
0.980000 0.280000 0.008197

0.000000 0.260000 0.008197
0.020000 0.260000 0.030717
0.040000 0.260000 0.053253
0.060000 0.260000 0.075813
0.080000 0.260000 0.098406
0.100000 0.260000 0.121040
0.120000 0.260000 0.143727
0.140000 0.260000 0.166478
0.160000 0.260000 0.189304
0.180000 0.260000 0.212216
0.200000 0.260000 0.235224
0.220000 0.260000 0.258338
0.240000 0.260000 0.281565
0.260000 0.260000 0.304913
0.280000 0.260000 0.328386
0.300000 0.260000 0.351987
0.320000 0.260000 0.375718
0.340000 0.260000 0.399579
0.360000 0.260000 0.423568
0.380000 0.260000 0.447680
0.400000 0.260000 0.471911
0.420000 0.260000 0.496253
0.440000 0.260000 0.520696
0.460000 0.260000 0.545231
0.480000 0.260000 0.569846
0.500000 0.260000 0.594527
0.520000 0.260000 0.619260
0.540000 0.260000 0.644029
0.560000 0.260000 0.668818
0.580000 0.260000 0.693609
0.600000 0.260000 0.718383
0.620000 0.260000 0.743122
0.640000 0.260000 0.767806
0.660000 0.260000 0.792413
0.680000 0.260000 0.816921
0.700000 0.260000 0.841305
0.720000 0.260000 0.865538
0.740000 0.260000 0.889578
0.760000 0.260000 0.913368
0.780000 0.260000 0.936804
0.800000 0.260000 0.959687
0.820000 0.260000 0.981611
0.840000 0.260000 1.001731
0.860000 0.260000 1.018244
0.880000 0.260000 1.027297
0.900000 0.260000 1.020624
0.920000 0.260000 0.980468
0.940000 0.260000 0.868676
0.960000 0.260000 0.603279
0.980000 0.260000 0.008197

0.000000 0.240000 0.008197
0.020000 0.240000 0.030730
0.040000 0.240000 0.053289
0.060000 0.240000 0.075886
0.080000 0.240000 0.098535
0.100000 0.240000 0.121248
0.120000 0.240000 0.144041
0.140000 0.240000 0.166929
0.160000 0.240000 0.189926
0.180000 0.240000 0.213046
0.200000 0.240000 0.236300
0.220000 0.240000 0.259698
0.240000 0.240000 0.283248
0.260000 0.240000 0.306957
0.280000 0.240000 0.330826
0.300000 0.240000 0.354856
0.320000 0.240000 0.379047
0.340000 0.240000 0.403393
0.360000 0.240000 0.427889
0.380000 0.240000 0.452526
0.400000 0.240000 0.477293
0.420000 0.240000 0.502178
0.440000 0.240000 0.527166
0.460000 0.240000 0.552241
0.480000 0.240000 0.577386
0.500000 0.240000 0.602582
0.520000 0.240000 0.627808
0.540000 0.240000 0.653044
0.560000 0.240000 0.678266
0.580000 0.240000 0.703452
0.600000 0.240000 0.728578
0.620000 0.240000 0.753620
0.640000 0.240000 0.778552
0.660000 0.240000 0.803348
0.680000 0.240000 0.827983
0.700000 0.240000 0.852427
0.720000 0.240000 0.876646
0.740000 0.240000 0.900599
0.760000 0.240000 0.924224
0.780000 0.240000 0.947413
0.800000 0.240000 0.969966
0.820000 0.240000 0.991478
0.840000 0.240000 1.011102
0.860000 0.240000 1.027035
0.880000 0.240000 1.035422
0.900000 0.240000 1.027985
0.920000 0.240000 0.986921
0.940000 0.240000 0.873943
0.960000 0.240000 0.606711
0.980000 0.240000 0.008197

0.000000 0.220000 0.008197
0.020000 0.220000 0.030751
0.040000 0.220000 0.053348
0.060000 0.220000 0.076007
0.080000 0.220000 0.098745
0.100000 0.220000 0.121583
0.120000 0.220000 0.144541
0.140000 0.220000 0.167639
0.160000 0.220000 0.190894
0.180000 0.220000 0.214321
0.200000 0.220000 0.237933
0.220000 0.220000 0.261738
0.240000 0.220000 0.285743
0.260000 0.220000 0.309950
0.280000 0.220000 0.334358
0.300000 0.220000 0.358963
0.320000 0.220000 0.383758
0.340000 0.220000 0.408733
0.360000 0.220000 0.433875
0.380000 0.220000 0.459170
0.400000 0.220000 0.484599
0.420000 0.220000 0.510143
0.440000 0.220000 0.535780
0.460000 0.220000 0.561486
0.480000 0.220000 0.587239
0.500000 0.220000 0.613010
0.520000 0.220000 0.638773
0.540000 0.220000 0.664500
0.560000 0.220000 0.690162
0.580000 0.220000 0.715729
0.600000 0.220000 0.741172
0.620000 0.220000 0.766461
0.640000 0.220000 0.791564
0.660000 0.220000 0.816451
0.680000 0.220000 0.841091
0.700000 0.220000 0.865449
0.720000 0.220000 0.889490
0.740000 0.220000 0.913167
0.760000 0.220000 0.936416
0.780000 0.220000 0.959128
0.800000 0.220000 0.981101
0.820000 0.220000 1.001932
0.840000 0.220000 1.020777
0.860000 0.220000 1.035840
0.880000 0.220000 1.043276
0.900000 0.220000 1.034814
0.920000 0.220000 0.992646
0.940000 0.220000 0.878417
0.960000 0.220000 0.609531
0.980000 0.220000 0.008197

0.000000 0.200000 0.008197
0.020000 0.200000 0.030787
0.040000 0.200000 0.053447
0.060000 0.200000 0.076206
0.080000 0.200000 0.099089
0.100000 0.200000 0.122125
0.120000 0.200000 0.145341
0.140000 0.200000 0.168759
0.160000 0.200000 0.192400
0.180000 0.200000 0.216278
0.200000 0.200000 0.240404
0.220000 0.200000 0.264784
0.240000 0.200000 0.289418
0.260000 0.200000 0.314304
0.280000 0.200000 0.339432
0.300000 0.200000 0.364793
0.320000 0.200000 0.390369
0.340000 0.200000 0.416143
0.360000 0.200000 0.442093
0.380000 0.200000 0.468194
0.400000 0.200000 0.494419
0.420000 0.200000 0.520741
0.440000 0.200000 0.547127
0.460000 0.200000 0.573547
0.480000 0.200000 0.599967
0.500000 0.200000 0.626352
0.520000 0.200000 0.652666
0.540000 0.200000 0.678875
0.560000 0.200000 0.704942
0.580000 0.200000 0.730830
0.600000 0.200000 0.756503
0.620000 0.200000 0.781924
0.640000 0.200000 0.807058
0.660000 0.200000 0.831868
0.680000 0.200000 0.856318
0.700000 0.200000 0.880371
0.720000 0.200000 0.903985
0.740000 0.200000 0.927114
0.760000 0.200000 0.949690
0.780000 0.200000 0.971603
0.800000 0.200000 0.992655
0.820000 0.200000 1.012444
0.840000 0.200000 1.030135
0.860000 0.200000 1.043949
0.880000 0.200000 1.050069
0.900000 0.200000 1.040263
0.920000 0.200000 0.996777
0.940000 0.200000 0.881298
0.960000 0.200000 0.611173
0.980000 0.200000 0.008197

0.000000 0.180000 0.008197
0.020000 0.180000 0.030847
0.040000 0.180000 0.053614
0.060000 0.180000 0.076537
0.080000 0.180000 0.099655
0.100000 0.180000 0.123006
0.120000 0.180000 0.146620
0.140000 0.180000 0.170524
0.160000 0.180000 0.194736
0.180000 0.180000 0.219268
0.200000 0.180000 0.244124
0.220000 0.180000 0.269303
0.240000 0.180000 0.294796
0.260000 0.180000 0.320589
0.280000 0.180000 0.346664
0.300000 0.180000 0.372998
0.320000 0.180000 0.399562
0.340000 0.180000 0.426327
0.360000 0.180000 0.453259
0.380000 0.180000 0.480321
0.400000 0.180000 0.507477
0.420000 0.180000 0.534685
0.440000 0.180000 0.561904
0.460000 0.180000 0.589092
0.480000 0.180000 0.616206
0.500000 0.180000 0.643201
0.520000 0.180000 0.670033
0.540000 0.180000 0.696657
0.560000 0.180000 0.723031
0.580000 0.180000 0.749109
0.600000 0.180000 0.774849
0.620000 0.180000 0.800208
0.640000 0.180000 0.825144
0.660000 0.180000 0.849617
0.680000 0.180000 0.873587
0.700000 0.180000 0.897012
0.720000 0.180000 0.919849
0.740000 0.180000 0.942049
0.760000 0.180000 0.963544
0.780000 0.180000 0.984226
0.800000 0.180000 1.003900
0.820000 0.180000 1.022172
0.840000 0.180000 1.038224
0.860000 0.180000 1.050307
0.880000 0.180000 1.054651
0.900000 0.180000 1.043117
0.920000 0.180000 0.998090
0.940000 0.180000 0.881465
0.960000 0.180000 0.610850
0.980000 0.180000 0.008197

0.000000 0.160000 0.008197
0.020000 0.160000 0.030950
0.040000 0.160000 0.053896
0.060000 0.160000 0.077092
0.080000 0.160000 0.100591
0.100000 0.160000 0.124437
0.120000 0.160000 0.148665
0.140000 0.160000 0.173297
0.160000 0.160000 0.198345
0.180000 0.160000 0.223812
0.200000 0.160000 0.249689
0.220000 0.160000 0.275960
0.240000 0.160000 0.302601
0.260000 0.160000 0.329584
0.280000 0.160000 0.356874
0.300000 0.160000 0.384431
0.320000 0.160000 0.412212
0.340000 0.160000 0.440172
0.360000 0.160000 0.468263
0.380000 0.160000 0.496433
0.400000 0.160000 0.524632
0.420000 0.160000 0.552805
0.440000 0.160000 0.580901
0.460000 0.160000 0.608863
0.480000 0.160000 0.636638
0.500000 0.160000 0.664172
0.520000 0.160000 0.691410
0.540000 0.160000 0.718301
0.560000 0.160000 0.744792
0.580000 0.160000 0.770831
0.600000 0.160000 0.796370
0.620000 0.160000 0.821360
0.640000 0.160000 0.845755
0.660000 0.160000 0.869511
0.680000 0.160000 0.892584
0.700000 0.160000 0.914930
0.720000 0.160000 0.936507
0.740000 0.160000 0.957264
0.760000 0.160000 0.977134
0.780000 0.160000 0.996016
0.800000 0.160000 1.013719
0.820000 0.160000 1.029866
0.840000 0.160000 1.043662
0.860000 0.160000 1.053404
0.880000 0.160000 1.055411
0.900000 0.160000 1.041693
0.920000 0.160000 0.994905
0.940000 0.160000 0.877396
0.960000 0.160000 0.607494
0.980000 0.160000 0.008197

0.000000 0.140000 0.008197
0.020000 0.140000 0.031130
0.040000 0.140000 0.054382
0.060000 0.140000 0.078032
0.080000 0.140000 0.102145
0.100000 0.140000 0.126769
0.120000 0.140000 0.151931
0.140000 0.140000 0.177642
0.160000 0.140000 0.203896
0.180000 0.140000 0.230675
0.200000 0.140000 0.257949
0.220000 0.140000 0.285681
0.240000 0.140000 0.313823
0.260000 0.140000 0.342326
0.280000 0.140000 0.371133
0.300000 0.140000 0.400185
0.320000 0.140000 0.429418
0.340000 0.140000 0.458770
0.360000 0.140000 0.488174
0.380000 0.140000 0.517563
0.400000 0.140000 0.546871
0.420000 0.140000 0.576030
0.440000 0.140000 0.604973
0.460000 0.140000 0.633634
0.480000 0.140000 0.661946
0.500000 0.140000 0.689846
0.520000 0.140000 0.717270
0.540000 0.140000 0.744158
0.560000 0.140000 0.770449
0.580000 0.140000 0.796088
0.600000 0.140000 0.821018
0.620000 0.140000 0.845188
0.640000 0.140000 0.868547
0.660000 0.140000 0.891051
0.680000 0.140000 0.912652
0.700000 0.140000 0.933310
0.720000 0.140000 0.952980
0.740000 0.140000 0.971616
0.760000 0.140000 0.989155
0.780000 0.140000 1.005503
0.800000 0.140000 1.020481
0.820000 0.140000 1.033734
0.840000 0.140000 1.044505
0.860000 0.140000 1.051162
0.880000 0.140000 1.050151
0.900000 0.140000 1.033724
0.920000 0.140000 0.984979
0.940000 0.140000 0.867061
0.960000 0.140000 0.599691
0.980000 0.140000 0.008197

0.000000 0.120000 0.008197
0.020000 0.120000 0.031448
0.040000 0.120000 0.055226
0.060000 0.120000 0.079634
0.080000 0.120000 0.104738
0.100000 0.120000 0.130572
0.120000 0.120000 0.157138
0.140000 0.120000 0.184419
0.160000 0.120000 0.212376
0.180000 0.120000 0.240957
0.200000 0.120000 0.270099
0.220000 0.120000 0.299733
0.240000 0.120000 0.329782
0.260000 0.120000 0.360168
0.280000 0.120000 0.390809
0.300000 0.120000 0.421621
0.320000 0.120000 0.452518
0.340000 0.120000 0.483418
0.360000 0.120000 0.514233
0.380000 0.120000 0.544881
0.400000 0.120000 0.575278
0.420000 0.120000 0.605342
0.440000 0.120000 0.634992
0.460000 0.120000 0.664150
0.480000 0.120000 0.692741
0.500000 0.120000 0.720689
0.520000 0.120000 0.747924
0.540000 0.120000 0.774377
0.560000 0.120000 0.799984
0.580000 0.120000 0.824683
0.600000 0.120000 0.848415
0.620000 0.120000 0.871127
0.640000 0.120000 0.892768
0.660000 0.120000 0.913292
0.680000 0.120000 0.932655
0.700000 0.120000 0.950818
0.720000 0.120000 0.967741
0.740000 0.120000 0.983383
0.760000 0.120000 0.997692
0.780000 0.120000 1.010582
0.800000 0.120000 1.021897
0.820000 0.120000 1.031308
0.840000 0.120000 1.038114
0.860000 0.120000 1.040782
0.880000 0.120000 1.035947
0.900000 0.120000 1.016219
0.920000 0.120000 0.965372
0.940000 0.120000 0.847819
0.960000 0.120000 0.585603
0.980000 0.120000 0.008200

0.000000 0.100000 0.008200
0.020000 0.100000 0.032023
0.040000 0.100000 0.056720
0.060000 0.100000 0.082393
0.080000 0.100000 0.109080
0.100000 0.100000 0.136768
0.120000 0.100000 0.165407
0.140000 0.100000 0.194922
0.160000 0.100000 0.225223
0.180000 0.100000 0.256208
0.200000 0.100000 0.287772
0.220000 0.100000 0.319803
0.240000 0.100000 0.352191
0.260000 0.100000 0.384823
0.280000 0.100000 0.417589
0.300000 0.100000 0.450378
0.320000 0.100000 0.483082
0.340000 0.100000 0.515596
0.360000 0.100000 0.547814
0.380000 0.100000 0.579636
0.400000 0.100000 0.610962
0.420000 0.100000 0.641697
0.440000 0.100000 0.671748
0.460000 0.100000 0.701026
0.480000 0.100000 0.729447
0.500000 0.100000 0.756928
0.520000 0.100000 0.783392
0.540000 0.100000 0.808767
0.560000 0.100000 0.832985
0.580000 0.100000 0.855982
0.600000 0.100000 0.877700
0.620000 0.100000 0.898086
0.640000 0.100000 0.917093
0.660000 0.100000 0.934676
0.680000 0.100000 0.950800
0.700000 0.100000 0.965431
0.720000 0.100000 0.978538
0.740000 0.100000 0.990090
0.760000 0.100000 1.000047
0.780000 0.100000 1.008342
0.800000 0.100000 1.014845
0.820000 0.100000 1.019268
0.840000 0.100000 1.020983
0.860000 0.100000 1.018594
0.880000 0.100000 1.008996
0.900000 0.100000 0.985310
0.920000 0.100000 0.932302
0.940000 0.100000 0.816282
0.960000 0.100000 0.562876
0.980000 0.100000 0.008209

0.000000 0.080000 0.008211
0.020000 0.080000 0.033095
0.040000 0.080000 0.059408
0.060000 0.080000 0.087186
0.080000 0.080000 0.116368
0.100000 0.080000 0.146838
0.120000 0.080000 0.178452
0.140000 0.080000 0.211051
0.160000 0.080000 0.244473
0.180000 0.080000 0.278555
0.200000 0.080000 0.313139
0.220000 0.080000 0.348070
0.240000 0.080000 0.383199
0.260000 0.080000 0.418380
0.280000 0.080000 0.453475
0.300000 0.080000 0.488347
0.320000 0.080000 0.522865
0.340000 0.080000 0.556904
0.360000 0.080000 0.590341
0.380000 0.080000 0.623061
0.400000 0.080000 0.654950
0.420000 0.080000 0.685902
0.440000 0.080000 0.715816
0.460000 0.080000 0.744593
0.480000 0.080000 0.772144
0.500000 0.080000 0.798382
0.520000 0.080000 0.823229
0.540000 0.080000 0.846610
0.560000 0.080000 0.868459
0.580000 0.080000 0.888715
0.600000 0.080000 0.907323
0.620000 0.080000 0.924236
0.640000 0.080000 0.939415
0.660000 0.080000 0.952823
0.680000 0.080000 0.964436
0.700000 0.080000 0.974231
0.720000 0.080000 0.982191
0.740000 0.080000 0.988301
0.760000 0.080000 0.992541
0.780000 0.080000 0.994868
0.800000 0.080000 0.995184
0.820000 0.080000 0.993260
0.840000 0.080000 0.988561
0.860000 0.080000 0.979871
0.880000 0.080000 0.964439
0.900000 0.080000 0.936089
0.920000 0.080000 0.880982
0.940000 0.080000 0.768165
0.960000 0.080000 0.528546
0.980000 0.080000 0.008247

0.000000 0.060000 0.008262
0.020000 0.060000 0.035179
0.040000 0.060000 0.064350
0.060000 0.060000 0.095580
0.080000 0.060000 0.128595
0.100000 0.060000 0.163107
0.120000 0.060000 0.198835
0.140000 0.060000 0.235520
0.160000 0.060000 0.272918
0.180000 0.060000 0.310807
0.200000 0.060000 0.348977
0.220000 0.060000 0.387233
0.240000 0.060000 0.425391
0.260000 0.060000 0.463278
0.280000 0.060000 0.500729
0.300000 0.060000 0.537587
0.320000 0.060000 0.573703
0.340000 0.060000 0.608935
0.360000 0.060000 0.643148
0.380000 0.060000 0.676213
0.400000 0.060000 0.708011
0.420000 0.060000 0.738427
0.440000 0.060000 0.767354
0.460000 0.060000 0.794691
0.480000 0.060000 0.820348
0.500000 0.060000 0.844239
0.520000 0.060000 0.866288
0.540000 0.060000 0.886425
0.560000 0.060000 0.904590
0.580000 0.060000 0.920730
0.600000 0.060000 0.934801
0.620000 0.060000 0.946767
0.640000 0.060000 0.956600
0.660000 0.060000 0.964283
0.680000 0.060000 0.969804
0.700000 0.060000 0.973160
0.720000 0.060000 0.974354
0.740000 0.060000 0.973395
0.760000 0.060000 0.970287
0.780000 0.060000 0.965021
0.800000 0.060000 0.957543
0.820000 0.060000 0.947693
0.840000 0.060000 0.935058
0.860000 0.060000 0.918651
0.880000 0.060000 0.896185
0.900000 0.060000 0.862421
0.920000 0.060000 0.805433
0.940000 0.060000 0.698111
0.960000 0.060000 0.478904
0.980000 0.060000 0.008394

0.000000 0.040000 0.008499
0.020000 0.040000 0.039439
0.040000 0.040000 0.073626
0.060000 0.040000 0.110350
0.080000 0.040000 0.149010
0.100000 0.040000 0.189108
0.120000 0.040000 0.230236
0.140000 0.040000 0.272043
0.160000 0.040000 0.314227
0.180000 0.040000 0.356520
0.200000 0.040000 0.398677
0.220000 0.040000 0.440477
0.240000 0.040000 0.481713
0.260000 0.040000 0.522192
0.280000 0.040000 0.561733
0.300000 0.040000 0.600165
0.320000 0.040000 0.637329
0.340000 0.040000 0.673073
0.360000 0.040000 0.707255
0.380000 0.040000 0.739741
0.400000 0.040000 0.770409
0.420000 0.040000 0.799143
0.440000 0.040000 0.825836
0.460000 0.040000 0.850394
0.480000 0.040000 0.872728
0.500000 0.040000 0.892762
0.520000 0.040000 0.910428
0.540000 0.040000 0.925669
0.560000 0.040000 0.938438
0.580000 0.040000 0.948697
0.600000 0.040000 0.956418
0.620000 0.040000 0.961587
0.640000 0.040000 0.964195
0.660000 0.040000 0.964248
0.680000 0.040000 0.961757
0.700000 0.040000 0.956748
0.720000 0.040000 0.949250
0.740000 0.040000 0.939302
0.760000 0.040000 0.926944
0.780000 0.040000 0.912208
0.800000 0.040000 0.895095
0.820000 0.040000 0.875530
0.840000 0.040000 0.853248
0.860000 0.040000 0.827547
0.880000 0.040000 0.796723
0.900000 0.040000 0.756753
0.920000 0.040000 0.698265
0.940000 0.040000 0.599431
0.960000 0.040000 0.409310
0.980000 0.040000 0.008939

0.000000 0.020000 0.009651
0.020000 0.020000 0.048681
0.040000 0.020000 0.091323
0.060000 0.020000 0.136264
0.080000 0.020000 0.182671
0.100000 0.020000 0.229956
0.120000 0.020000 0.277667
0.140000 0.020000 0.325436
0.160000 0.020000 0.372949
0.180000 0.020000 0.419930
0.200000 0.020000 0.466128
0.220000 0.020000 0.511314
0.240000 0.020000 0.555275
0.260000 0.020000 0.597814
0.280000 0.020000 0.638743
0.300000 0.020000 0.677890
0.320000 0.020000 0.715091
0.340000 0.020000 0.750195
0.360000 0.020000 0.783060
0.380000 0.020000 0.813557
0.400000 0.020000 0.841567
0.420000 0.020000 0.866981
0.440000 0.020000 0.889703
0.460000 0.020000 0.909649
0.480000 0.020000 0.926745
0.500000 0.020000 0.940929
0.520000 0.020000 0.952153
0.540000 0.020000 0.960379
0.560000 0.020000 0.965582
0.580000 0.020000 0.967749
0.600000 0.020000 0.966880
0.620000 0.020000 0.962987
0.640000 0.020000 0.956092
0.660000 0.020000 0.946231
0.680000 0.020000 0.933452
0.700000 0.020000 0.917812
0.720000 0.020000 0.899382
0.740000 0.020000 0.878237
0.760000 0.020000 0.854462
0.780000 0.020000 0.828139
0.800000 0.020000 0.799338
0.820000 0.020000 0.768082
0.840000 0.020000 0.734282
0.860000 0.020000 0.697574
0.880000 0.020000 0.656954
0.900000 0.020000 0.609918
0.920000 0.020000 0.550396
0.940000 0.020000 0.463697
0.960000 0.020000 0.313781
0.980000 0.020000 0.010745

0.000000 0.000000 0.015533
0.020000 0.000000 0.069817
0.040000 0.000000 0.125141
0.060000 0.000000 0.180987
0.080000 0.000000 0.236902
0.100000 0.000000 0.292503
0.120000 0.000000 0.347462
0.140000 0.000000 0.401489
0.160000 0.000000 0.454318
0.180000 0.000000 0.505708
0.200000 0.000000 0.555428
0.220000 0.000000 0.603266
0.240000 0.000000 0.649018
0.260000 0.000000 0.692496
0.280000 0.000000 0.733519
0.300000 0.000000 0.771921
0.320000 0.000000 0.807548
0.340000 0.000000 0.840257
0.360000 0.000000 0.869917
0.380000 0.000000 0.896411
0.400000 0.000000 0.919635
0.420000 0.000000 0.939497
0.440000 0.000000 0.955922
0.460000 0.000000 0.968844
0.480000 0.000000 0.978216
0.500000 0.000000 0.984001
0.520000 0.000000 0.986179
0.540000 0.000000 0.984745
0.560000 0.000000 0.979706
0.580000 0.000000 0.971084
0.600000 0.000000 0.958916
0.620000 0.000000 0.943253
0.640000 0.000000 0.924159
0.660000 0.000000 0.901713
0.680000 0.000000 0.876005
0.700000 0.000000 0.847141
0.720000 0.000000 0.815235
0.740000 0.000000 0.780416
0.760000 0.000000 0.742821
0.780000 0.000000 0.702594
0.800000 0.000000 0.659883
0.820000 0.000000 0.614826
0.840000 0.000000 0.567527
0.860000 0.000000 0.518003
0.880000 0.000000 0.466055
0.900000 0.000000 0.410957
0.920000 0.000000 0.350698
0.940000 0.000000 0.279925
0.960000 0.000000 0.183749
0.980000 0.000000 0.015054

