0.000000 0.980000 0.009278
0.020000 0.980000 0.054846
0.040000 0.980000 0.089429
0.060000 0.980000 0.118085
0.080000 0.980000 0.142829
0.100000 0.980000 0.164660
0.120000 0.980000 0.184169
0.140000 0.980000 0.201743
0.160000 0.980000 0.217656
0.180000 0.980000 0.232112
0.200000 0.980000 0.245264
0.220000 0.980000 0.257238
0.240000 0.980000 0.268130
0.260000 0.980000 0.278021
0.280000 0.980000 0.286977
0.300000 0.980000 0.295053
0.320000 0.980000 0.302292
0.340000 0.980000 0.308734
0.360000 0.980000 0.314408
0.380000 0.980000 0.319339
0.400000 0.980000 0.323546
0.420000 0.980000 0.327046
0.440000 0.980000 0.329847
0.460000 0.980000 0.331957
0.480000 0.980000 0.333379
0.500000 0.980000 0.334110
0.520000 0.980000 0.334147
0.540000 0.980000 0.333480
0.560000 0.980000 0.332096
0.580000 0.980000 0.329978
0.600000 0.980000 0.327104
0.620000 0.980000 0.323449
0.640000 0.980000 0.318980
0.660000 0.980000 0.313660
0.680000 0.980000 0.307445
0.700000 0.980000 0.300281
0.720000 0.980000 0.292110
0.740000 0.980000 0.282857
0.760000 0.980000 0.272439
0.780000 0.980000 0.260753
0.800000 0.980000 0.247678
0.820000 0.980000 0.233063
0.840000 0.980000 0.216723
0.860000 0.980000 0.198419
0.880000 0.980000 0.177839
0.900000 0.980000 0.154551
0.920000 0.980000 0.127923
0.940000 0.980000 0.096946
0.960000 0.980000 0.059766
0.980000 0.980000 0.012293

0.000000 0.960000 0.015971
0.020000 0.960000 0.136120
0.040000 0.960000 0.234655
0.060000 0.960000 0.318535
0.080000 0.960000 0.391713
0.100000 0.960000 0.456579
0.120000 0.960000 0.514689
0.140000 0.960000 0.567113
0.160000 0.960000 0.614629
0.180000 0.960000 0.657820
0.200000 0.960000 0.697139
0.220000 0.960000 0.732946
0.240000 0.960000 0.765528
0.260000 0.960000 0.795124
0.280000 0.960000 0.821926
0.300000 0.960000 0.846096
0.320000 0.960000 0.867768
0.340000 0.960000 0.887052
0.360000 0.960000 0.904039
0.380000 0.960000 0.918802
0.400000 0.960000 0.931401
0.420000 0.960000 0.941879
0.440000 0.960000 0.950269
0.460000 0.960000 0.956588
0.480000 0.960000 0.960845
0.500000 0.960000 0.963037
0.520000 0.960000 0.963147
0.540000 0.960000 0.961150
0.560000 0.960000 0.957006
0.580000 0.960000 0.950664
0.600000 0.960000 0.942061
0.620000 0.960000 0.931117
0.640000 0.960000 0.917738
0.660000 0.960000 0.901812
0.680000 0.960000 0.883206
0.700000 0.960000 0.861767
0.720000 0.960000 0.837311
0.740000 0.960000 0.809626
0.760000 0.960000 0.778459
0.780000 0.960000 0.743509
0.800000 0.960000 0.704415
0.820000 0.960000 0.660739
0.840000 0.960000 0.611934
0.860000 0.960000 0.557313
0.880000 0.960000 0.495976
0.900000 0.960000 0.426711
0.920000 0.960000 0.347801
0.940000 0.960000 0.256671
0.960000 0.960000 0.149158
0.980000 0.960000 0.017993

0.000000 0.940000 0.018620
0.020000 0.940000 0.200552
0.040000 0.940000 0.355798
0.060000 0.940000 0.490756
0.080000 0.940000 0.609836
0.100000 0.940000 0.716078
0.120000 0.940000 0.811630
0.140000 0.940000 0.898055
0.160000 0.940000 0.976526
0.180000 0.940000 1.047945
0.200000 0.940000 1.113023
0.220000 0.940000 1.172330
0.240000 0.940000 1.226326
0.260000 0.940000 1.275394
0.280000 0.940000 1.319846
0.300000 0.940000 1.359944
0.320000 0.940000 1.395906
0.340000 0.940000 1.427911
0.360000 0.940000 1.456109
0.380000 0.940000 1.480620
0.400000 0.940000 1.501539
0.420000 0.940000 1.518938
0.440000 0.940000 1.532870
0.460000 0.940000 1.543365
0.480000 0.940000 1.550436
0.500000 0.940000 1.554077
0.520000 0.940000 1.554262
0.540000 0.940000 1.550947
0.560000 0.940000 1.544067
0.580000 0.940000 1.533540
0.600000 0.940000 1.519258
0.620000 0.940000 1.501091
0.640000 0.940000 1.478884
0.660000 0.940000 1.452452
0.680000 0.940000 1.421579
0.700000 0.940000 1.386010
0.720000 0.940000 1.345448
0.740000 0.940000 1.299543
0.760000 0.940000 1.247884
0.780000 0.940000 1.189985
0.800000 0.940000 1.125263
0.820000 0.940000 1.053014
0.840000 0.940000 0.972373
0.860000 0.940000 0.882262
0.880000 0.940000 0.781301
0.900000 0.940000 0.667681
0.920000 0.940000 0.538954
0.940000 0.940000 0.391690
0.960000 0.940000 0.220931
0.980000 0.940000 0.019367

0.000000 0.920000 0.019474
0.020000 0.920000 0.253995
0.040000 0.920000 0.459208
0.060000 0.920000 0.640571
0.080000 0.920000 0.802307
0.100000 0.920000 0.947612
0.120000 0.920000 1.078906
0.140000 0.920000 1.198043
0.160000 0.920000 1.306466
0.180000 0.920000 1.405314
0.200000 0.920000 1.495502
0.220000 0.920000 1.577773
0.240000 0.920000 1.652737
0.260000 0.920000 1.720899
0.280000 0.920000 1.782682
0.300000 0.920000 1.838436
0.320000 0.920000 1.888456
0.340000 0.920000 1.932985
0.360000 0.920000 1.972226
0.380000 0.920000 2.006342
0.400000 0.920000 2.035464
0.420000 0.920000 2.059689
0.440000 0.920000 2.079089
0.460000 0.920000 2.093705
0.480000 0.920000 2.103554
0.500000 0.920000 2.108627
0.520000 0.920000 2.108888
0.540000 0.920000 2.104276
0.560000 0.920000 2.094702
0.580000 0.920000 2.080049
0.600000 0.920000 2.060172
0.620000 0.920000 2.034890
0.640000 0.920000 2.003990
0.660000 0.920000 1.967218
0.680000 0.920000 1.924277
0.700000 0.920000 1.874819
0.720000 0.920000 1.818438
0.740000 0.920000 1.754659
0.760000 0.920000 1.682926
0.780000 0.920000 1.602584
0.800000 0.920000 1.512854
0.820000 0.920000 1.412805
0.840000 0.920000 1.301307
0.860000 0.920000 1.176971
0.880000 0.920000 1.038066
0.900000 0.920000 0.882389
0.920000 0.920000 0.707094
0.940000 0.920000 0.508439
0.960000 0.920000 0.281472
0.980000 0.920000 0.019708

0.000000 0.900000 0.019727
0.020000 0.900000 0.299730
0.040000 0.900000 0.549074
0.060000 0.900000 0.772314
0.080000 0.900000 0.973259
0.100000 0.900000 1.154995
0.120000 0.900000 1.319998
0.140000 0.900000 1.470251
0.160000 0.900000 1.607350
0.180000 0.900000 1.732592
0.200000 0.900000 1.847037
0.220000 0.900000 1.951562
0.240000 0.900000 2.046895
0.260000 0.900000 2.133647
0.280000 0.900000 2.212329
0.300000 0.900000 2.283370
0.320000 0.900000 2.347131
0.340000 0.900000 2.403914
0.360000 0.900000 2.453968
0.380000 0.900000 2.497496
0.400000 0.900000 2.534659
0.420000 0.900000 2.565579
0.440000 0.900000 2.590344
0.460000 0.900000 2.609005
0.480000 0.900000 2.621583
0.500000 0.900000 2.628064
0.520000 0.900000 2.628404
0.540000 0.900000 2.622523
0.560000 0.900000 2.610309
0.580000 0.900000 2.591616
0.600000 0.900000 2.566257
0.620000 0.900000 2.534008
0.640000 0.900000 2.494600
0.660000 0.900000 2.447713
0.680000 0.900000 2.392976
0.700000 0.900000 2.329955
0.720000 0.900000 2.258145
0.740000 0.900000 2.176958
0.760000 0.900000 2.085710
0.780000 0.900000 1.983598
0.800000 0.900000 1.869679
0.820000 0.900000 1.742835
0.840000 0.900000 1.601728
0.860000 0.900000 1.444746
0.880000 0.900000 1.269923
0.900000 0.900000 1.074836
0.920000 0.900000 0.856480
0.940000 0.900000 0.611109
0.960000 0.900000 0.334086
0.980000 0.900000 0.019795

0.000000 0.880000 0.019798
0.020000 0.880000 0.339678
0.040000 0.880000 0.628204
0.060000 0.880000 0.889180
0.080000 0.880000 1.125961
0.100000 0.880000 1.341409
0.120000 0.880000 1.537926
0.140000 0.880000 1.717511
0.160000 0.880000 1.881824
0.180000 0.880000 2.032247
0.200000 0.880000 2.169937
0.220000 0.880000 2.295862
0.240000 0.880000 2.410841
0.260000 0.880000 2.515562
0.280000 0.880000 2.610611
0.300000 0.880000 2.696483
0.320000 0.880000 2.773594
0.340000 0.880000 2.842294
0.360000 0.880000 2.902874
0.380000 0.880000 2.955571
0.400000 0.880000 3.000573
0.420000 0.880000 3.038024
0.440000 0.880000 3.068025
0.460000 0.880000 3.090637
0.480000 0.880000 3.105881
0.500000 0.880000 3.113740
0.520000 0.880000 3.114160
0.540000 0.880000 3.107045
0.560000 0.880000 3.092262
0.580000 0.880000 3.069633
0.600000 0.880000 3.038937
0.620000 0.880000 2.999905
0.640000 0.880000 2.952218
0.660000 0.880000 2.895497
0.680000 0.880000 2.829302
0.700000 0.880000 2.753122
0.720000 0.880000 2.666363
0.740000 0.880000 2.568339
0.760000 0.880000 2.458254
0.780000 0.880000 2.335184
0.800000 0.880000 2.198050
0.820000 0.880000 2.045590
0.840000 0.880000 1.876316
0.860000 0.880000 1.688462
0.880000 0.880000 1.479927
0.900000 0.880000 1.248193
0.920000 0.880000 0.990243
0.940000 0.880000 0.702472
0.960000 0.880000 0.380627
0.980000 0.880000 0.019818

0.000000 0.860000 0.019818
0.020000 0.860000 0.375028
0.040000 0.860000 0.698533
0.060000 0.860000 0.993541
0.080000 0.860000 1.262988
0.100000 0.860000 1.509476
0.120000 0.860000 1.735268
0.140000 0.860000 1.942310
0.160000 0.860000 2.132261
0.180000 0.860000 2.306536
0.200000 0.860000 2.466340
0.220000 0.860000 2.612701
0.240000 0.860000 2.746495
0.260000 0.860000 2.868473
0.280000 0.860000 2.979275
0.300000 0.860000 3.079444
0.320000 0.860000 3.169445
0.340000 0.860000 3.249667
0.360000 0.860000 3.320435
0.380000 0.860000 3.382014
0.400000 0.860000 3.434617
0.420000 0.860000 3.478403
0.440000 0.860000 3.513487
0.460000 0.860000 3.539935
0.480000 0.860000 3.557771
0.500000 0.860000 3.566972
0.520000 0.860000 3.567475
0.540000 0.860000 3.559169
0.560000 0.860000 3.541897
0.580000 0.860000 3.515457
0.600000 0.860000 3.479593
0.620000 0.860000 3.433997
0.640000 0.860000 3.378301
0.660000 0.860000 3.312076
0.680000 0.860000 3.234819
0.700000 0.860000 3.145950
0.720000 0.860000 3.044799
0.740000 0.860000 2.930595
0.760000 0.860000 2.802451
0.780000 0.860000 2.659342
0.800000 0.860000 2.500087
0.820000 0.860000 2.323313
0.840000 0.860000 2.127431
0.860000 0.860000 1.910583
0.880000 0.860000 1.670604
0.900000 0.860000 1.404961
0.920000 0.860000 1.110705
0.940000 0.860000 0.784427
0.960000 0.860000 0.422241
0.980000 0.860000 0.019823

0.000000 0.840000 0.019824
0.020000 0.840000 0.406571
0.040000 0.840000 0.761446
0.060000 0.840000 1.087190
0.080000 0.840000 1.386375
0.100000 0.840000 1.661349
0.120000 0.840000 1.914210
0.140000 0.840000 2.146812
0.160000 0.840000 2.360770
0.180000 0.840000 2.557494
0.200000 0.840000 2.738203
0.220000 0.840000 2.903953
0.240000 0.840000 3.055657
0.260000 0.840000 3.194103
0.280000 0.840000 3.319971
0.300000 0.840000 3.433843
0.320000 0.840000 3.536217
0.340000 0.840000 3.627514
0.360000 0.840000 3.708086
0.380000 0.840000 3.778222
0.400000 0.840000 3.838152
0.420000 0.840000 3.888051
0.440000 0.840000 3.928042
0.460000 0.840000 3.958197
0.480000 0.840000 3.978538
0.500000 0.840000 3.989041
0.520000 0.840000 3.989628
0.540000 0.840000 3.980177
0.560000 0.840000 3.960511
0.580000 0.840000 3.930401
0.600000 0.840000 3.889561
0.620000 0.840000 3.837648
0.640000 0.840000 3.774252
0.660000 0.840000 3.698894
0.680000 0.840000 3.611020
0.700000 0.840000 3.509989
0.720000 0.840000 3.395067
0.740000 0.840000 3.265412
0.760000 0.840000 3.120062
0.780000 0.840000 2.957915
0.800000 0.840000 2.777711
0.820000 0.840000 2.578003
0.840000 0.840000 2.357136
0.860000 0.840000 2.113207
0.880000 0.840000 1.844034
0.900000 0.840000 1.547121
0.920000 0.840000 1.219624
0.940000 0.840000 0.858338
0.960000 0.840000 0.459698
0.980000 0.840000 0.019825

0.000000 0.820000 0.019825
0.020000 0.820000 0.434865
0.040000 0.820000 0.817969
0.060000 0.820000 1.171507
0.080000 0.820000 1.497747
0.100000 0.820000 1.798801
0.120000 0.820000 2.076602
0.140000 0.820000 2.332889
0.160000 0.820000 2.569214
0.180000 0.820000 2.786949
0.200000 0.820000 2.987305
0.220000 0.820000 3.171343
0.240000 0.820000 3.339992
0.260000 0.820000 3.494062
0.280000 0.820000 3.634256
0.300000 0.820000 3.761183
0.320000 0.820000 3.875365
0.340000 0.820000 3.977246
0.360000 0.820000 4.067199
0.380000 0.820000 4.145532
0.400000 0.820000 4.212487
0.420000 0.820000 4.268252
0.440000 0.820000 4.312955
0.460000 0.820000 4.346671
0.480000 0.820000 4.369423
0.500000 0.820000 4.381179
0.520000 0.820000 4.381854
0.540000 0.820000 4.371310
0.560000 0.820000 4.349352
0.580000 0.820000 4.315728
0.600000 0.820000 4.270126
0.620000 0.820000 4.212168
0.640000 0.820000 4.141408
0.660000 0.820000 4.057326
0.680000 0.820000 3.959321
0.700000 0.820000 3.846702
0.720000 0.820000 3.718680
0.740000 0.820000 3.574357
0.760000 0.820000 3.412711
0.780000 0.820000 3.232582
0.800000 0.820000 3.032653
0.820000 0.820000 2.811431
0.840000 0.820000 2.567223
0.860000 0.820000 2.298114
0.880000 0.820000 2.001938
0.900000 0.820000 1.676260
0.920000 0.820000 1.318358
0.940000 0.820000 0.925218
0.960000 0.820000 0.493550
0.980000 0.820000 0.019825

0.000000 0.800000 0.019825
0.020000 0.800000 0.460326
0.040000 0.800000 0.868885
0.060000 0.800000 1.247578
0.080000 0.800000 1.598415
0.100000 0.800000 1.923302
0.120000 0.800000 2.224009
0.140000 0.800000 2.502160
0.160000 0.800000 2.759225
0.180000 0.800000 2.996529
0.200000 0.800000 3.215253
0.220000 0.800000 3.416446
0.240000 0.800000 3.601037
0.260000 0.800000 3.769843
0.280000 0.800000 3.923581
0.300000 0.800000 4.062874
0.320000 0.800000 4.188261
0.340000 0.800000 4.300200
0.360000 0.800000 4.399080
0.380000 0.800000 4.485220
0.400000 0.800000 4.558873
0.420000 0.800000 4.620234
0.440000 0.800000 4.669437
0.460000 0.800000 4.706557
0.480000 0.800000 4.731615
0.500000 0.800000 4.744573
0.520000 0.800000 4.745337
0.540000 0.800000 4.733755
0.560000 0.800000 4.709617
0.580000 0.800000 4.672649
0.600000 0.800000 4.622513
0.620000 0.800000 4.558804
0.640000 0.800000 4.481044
0.660000 0.800000 4.388675
0.680000 0.800000 4.281059
0.700000 0.800000 4.157461
0.720000 0.800000 4.017050
0.740000 0.800000 3.858880
0.760000 0.800000 3.681886
0.780000 0.800000 3.484865
0.800000 0.800000 3.266463
0.820000 0.800000 3.025160
0.840000 0.800000 2.759249
0.860000 0.800000 2.466821
0.880000 0.800000 2.145748
0.900000 0.800000 1.793669
0.920000 0.800000 1.407982
0.940000 0.800000 0.985850
0.960000 0.800000 0.524213
0.980000 0.800000 0.019825

0.000000 0.780000 0.019825
0.020000 0.780000 0.483275
0.040000 0.780000 0.914813
0.060000 0.780000 1.316273
0.080000 0.780000 1.689454
0.100000 0.780000 2.036075
0.120000 0.780000 2.357761
0.140000 0.780000 2.656020
0.160000 0.780000 2.932239
0.180000 0.780000 3.187681
0.200000 0.780000 3.423489
0.220000 0.780000 3.640688
0.240000 0.780000 3.840196
0.260000 0.780000 4.022826
0.280000 0.780000 4.189296
0.300000 0.780000 4.340237
0.320000 0.780000 4.476194
0.340000 0.780000 4.597636
0.360000 0.780000 4.704961
0.380000 0.780000 4.798494
0.400000 0.780000 4.878497
0.420000 0.780000 4.945168
0.440000 0.780000 4.998643
0.460000 0.780000 5.038997
0.480000 0.780000 5.066248
0.500000 0.780000 5.080353
0.520000 0.780000 5.081207
0.540000 0.780000 5.068647
0.560000 0.780000 5.042446
0.580000 0.780000 5.002312
0.600000 0.780000 4.947886
0.620000 0.780000 4.878738
0.640000 0.780000 4.794360
0.660000 0.780000 4.694167
0.680000 0.780000 4.577484
0.700000 0.780000 4.443545
0.720000 0.780000 4.291482
0.740000 0.780000 4.120315
0.760000 0.780000 3.928945
0.780000 0.780000 3.716141
0.800000 0.780000 3.480526
0.820000 0.780000 3.220568
0.840000 0.780000 2.934561
0.860000 0.780000 2.620620
0.880000 0.780000 2.276662
0.900000 0.780000 1.900405
0.920000 0.780000 1.489363
0.940000 0.780000 1.040854
0.960000 0.780000 0.552013
0.980000 0.780000 0.019826

0.000000 0.760000 0.019826
0.020000 0.760000 0.503968
0.040000 0.760000 0.956247
0.060000 0.760000 1.378303
0.080000 0.760000 1.771748
0.100000 0.760000 2.138148
0.120000 0.760000 2.478990
0.140000 0.760000 2.795677
0.160000 0.760000 3.089509
0.180000 0.760000 3.361687
0.200000 0.760000 3.613307
0.220000 0.760000 3.845363
0.240000 0.760000 4.058752
0.260000 0.760000 4.254275
0.280000 0.760000 4.432646
0.300000 0.760000 4.594493
0.320000 0.760000 4.740365
0.340000 0.760000 4.870734
0.360000 0.760000 4.986000
0.380000 0.760000 5.086494
0.400000 0.760000 5.172480
0.420000 0.760000 5.244159
0.440000 0.760000 5.301666
0.460000 0.760000 5.345076
0.480000 0.760000 5.374401
0.500000 0.760000 5.389592
0.520000 0.760000 5.390536
0.540000 0.760000 5.377059
0.560000 0.760000 5.348919
0.580000 0.760000 5.305807
0.600000 0.760000 5.247346
0.620000 0.760000 5.173083
0.640000 0.760000 5.082487
0.660000 0.760000 4.974948
0.680000 0.760000 4.849763
0.700000 0.760000 4.706139
0.720000 0.760000 4.543181
0.740000 0.760000 4.359882
0.760000 0.760000 4.155121
0.780000 0.760000 3.927648
0.800000 0.760000 3.676074
0.820000 0.760000 3.398867
0.840000 0.760000 3.094334
0.860000 0.760000 2.760619
0.880000 0.760000 2.395693
0.900000 0.760000 1.997349
0.920000 0.760000 1.563210
0.940000 0.760000 1.090730
0.960000 0.760000 0.577210
0.980000 0.760000 0.019826

0.000000 0.740000 0.019826
0.020000 0.740000 0.522612
0.040000 0.740000 0.993595
0.060000 0.740000 1.434250
0.080000 0.740000 1.846040
0.100000 0.740000 2.230388
0.120000 0.740000 2.588667
0.140000 0.740000 2.922175
0.160000 0.740000 3.232134
0.180000 0.740000 3.519680
0.200000 0.740000 3.785860
0.220000 0.740000 4.031632
0.240000 0.740000 4.257866
0.260000 0.740000 4.465346
0.280000 0.740000 4.654775
0.300000 0.740000 4.826774
0.320000 0.740000 4.981889
0.340000 0.740000 5.120590
0.360000 0.740000 5.243279
0.380000 0.740000 5.350285
0.400000 0.740000 5.441875
0.420000 0.740000 5.518247
0.440000 0.740000 5.579536
0.460000 0.740000 5.625814
0.480000 0.740000 5.657088
0.500000 0.740000 5.673303
0.520000 0.740000 5.674337
0.540000 0.740000 5.660005
0.560000 0.740000 5.630053
0.580000 0.740000 5.584157
0.600000 0.740000 5.521924
0.620000 0.740000 5.442881
0.640000 0.740000 5.346479
0.660000 0.740000 5.232085
0.680000 0.740000 5.098977
0.700000 0.740000 4.946337
0.720000 0.740000 4.773251
0.740000 0.740000 4.578694
0.760000 0.740000 4.361529
0.780000 0.740000 4.120495
0.800000 0.740000 3.854202
0.820000 0.740000 3.561124
0.840000 0.740000 3.239588
0.860000 0.740000 2.887772
0.880000 0.740000 2.503701
0.900000 0.740000 2.085242
0.920000 0.740000 1.630114
0.940000 0.740000 1.135892
0.960000 0.740000 0.600018
0.980000 0.740000 0.019826

0.000000 0.720000 0.019826
0.020000 0.720000 0.539377
0.040000 0.720000 1.027190
0.060000 0.720000 1.484604
0.080000 0.720000 1.912950
0.100000 0.720000 2.313534
0.120000 0.720000 2.687621
0.140000 0.720000 3.036420
0.160000 0.720000 3.361075
0.180000 0.720000 3.662662
0.200000 0.720000 3.942176
0.220000 0.720000 4.200537
0.240000 0.720000 4.438588
0.260000 0.720000 4.657089
0.280000 0.720000 4.856729
0.300000 0.720000 5.038117
0.320000 0.720000 5.201793
0.340000 0.720000 5.348222
0.360000 0.720000 5.477801
0.380000 0.720000 5.590861
0.400000 0.720000 5.687663
0.420000 0.720000 5.768405
0.440000 0.720000 5.833218
0.460000 0.720000 5.882169
0.480000 0.720000 5.915262
0.500000 0.720000 5.932434
0.520000 0.720000 5.933557
0.540000 0.720000 5.918433
0.560000 0.720000 5.886799
0.580000 0.720000 5.838319
0.600000 0.720000 5.772582
0.620000 0.720000 5.689103
0.640000 0.720000 5.587315
0.660000 0.720000 5.466567
0.680000 0.720000 5.326120
0.700000 0.720000 5.165142
0.720000 0.720000 4.982701
0.740000 0.720000 4.777760
0.760000 0.720000 4.549174
0.780000 0.720000 4.295677
0.800000 0.720000 4.015883
0.820000 0.720000 3.708278
0.840000 0.720000 3.371213
0.860000 0.720000 3.002902
0.880000 0.720000 2.601421
0.900000 0.720000 2.164709
0.920000 0.720000 1.690570
0.940000 0.720000 1.176683
0.960000 0.720000 0.620612
0.980000 0.720000 0.019826

0.000000 0.700000 0.019826
0.020000 0.700000 0.554406
0.040000 0.700000 1.057315
0.060000 0.700000 1.529775
0.080000 0.700000 1.973008
0.100000 0.700000 2.388215
0.120000 0.700000 2.776568
0.140000 0.700000 3.139196
0.160000 0.700000 3.477173
0.180000 0.700000 3.791513
0.200000 0.700000 4.083166
0.220000 0.700000 4.353012
0.240000 0.700000 4.601861
0.260000 0.700000 4.830454
0.280000 0.700000 5.039457
0.300000 0.700000 5.229469
0.320000 0.700000 5.401018
0.340000 0.700000 5.554562
0.360000 0.700000 5.690494
0.380000 0.700000 5.809139
0.400000 0.700000 5.910754
0.420000 0.700000 5.995533
0.440000 0.700000 6.063605
0.460000 0.700000 6.115031
0.480000 0.700000 6.149810
0.500000 0.700000 6.167871
0.520000 0.700000 6.169078
0.540000 0.700000 6.153228
0.560000 0.700000 6.120044
0.580000 0.700000 6.069180
0.600000 0.700000 6.000214
0.620000 0.700000 5.912646
0.640000 0.700000 5.805897
0.660000 0.700000 5.679301
0.680000 0.700000 5.532107
0.700000 0.700000 5.363470
0.720000 0.700000 5.172446
0.740000 0.700000 4.957993
0.760000 0.700000 4.718958
0.780000 0.700000 4.454079
0.800000 0.700000 4.161978
0.820000 0.700000 3.841153
0.840000 0.700000 3.489983
0.860000 0.700000 3.106719
0.880000 0.700000 2.689485
0.900000 0.700000 2.236283
0.920000 0.700000 1.744996
0.940000 0.700000 1.213393
0.960000 0.700000 0.639142
0.980000 0.700000 0.019826

0.000000 0.680000 0.019826
0.020000 0.680000 0.567818
0.040000 0.680000 1.084205
0.060000 0.680000 1.570111
0.080000 0.680000 2.026660
0.100000 0.680000 2.454969
0.120000 0.680000 2.856125
0.140000 0.680000 3.231185
0.160000 0.680000 3.581160
0.180000 0.680000 3.907010
0.200000 0.680000 4.209637
0.220000 0.680000 4.489884
0.240000 0.680000 4.748531
0.260000 0.680000 4.986293
0.280000 0.680000 5.203818
0.300000 0.680000 5.401689
0.320000 0.680000 5.580422
0.340000 0.680000 5.740466
0.360000 0.680000 5.882206
0.380000 0.680000 6.005961
0.400000 0.680000 6.111985
0.420000 0.680000 6.200465
0.440000 0.680000 6.271525
0.460000 0.680000 6.325222
0.480000 0.680000 6.361549
0.500000 0.680000 6.380428
0.520000 0.680000 6.381717
0.540000 0.680000 6.365204
0.560000 0.680000 6.330604
0.580000 0.680000 6.277560
0.600000 0.680000 6.205640
0.620000 0.680000 6.114335
0.640000 0.680000 6.003052
0.660000 0.680000 5.871117
0.680000 0.680000 5.717768
0.700000 0.680000 5.542149
0.720000 0.680000 5.343313
0.740000 0.680000 5.120210
0.760000 0.680000 4.871688
0.780000 0.680000 4.596490
0.800000 0.680000 4.293246
0.820000 0.680000 3.960474
0.840000 0.680000 3.596576
0.860000 0.680000 3.199840
0.880000 0.680000 2.768435
0.900000 0.680000 2.300422
0.920000 0.680000 1.793749
0.940000 0.680000 1.246267
0.960000 0.680000 0.655733
0.980000 0.680000 0.019826

0.000000 0.660000 0.019826
0.020000 0.660000 0.579715
0.040000 0.660000 1.108061
0.060000 0.660000 1.605905
0.080000 0.660000 2.074291
0.100000 0.660000 2.514257
0.120000 0.660000 2.926822
0.140000 0.660000 3.312977
0.160000 0.660000 3.673677
0.180000 0.660000 4.009830
0.200000 0.660000 4.322299
0.220000 0.660000 4.611888
0.240000 0.660000 4.879349
0.260000 0.660000 5.125371
0.280000 0.660000 5.350583
0.300000 0.660000 5.555551
0.320000 0.660000 5.740779
0.340000 0.660000 5.906706
0.360000 0.660000 6.053708
0.380000 0.660000 6.182097
0.400000 0.660000 6.292120
0.420000 0.660000 6.383960
0.440000 0.660000 6.457734
0.460000 0.660000 6.513496
0.480000 0.660000 6.551230
0.500000 0.660000 6.570855
0.520000 0.660000 6.572222
0.540000 0.660000 6.555109
0.560000 0.660000 6.519226
0.580000 0.660000 6.464206
0.600000 0.660000 6.389611
0.620000 0.660000 6.294919
0.640000 0.660000 6.179533
0.660000 0.660000 6.042768
0.680000 0.660000 5.883853
0.700000 0.660000 5.701929
0.720000 0.660000 5.496043
0.740000 0.660000 5.265144
0.760000 0.660000 5.008083
0.780000 0.660000 4.723606
0.800000 0.660000 4.410358
0.820000 0.660000 4.066874
0.840000 0.660000 3.691580
0.860000 0.660000 3.282798
0.880000 0.660000 2.838739
0.900000 0.660000 2.357514
0.920000 0.660000 1.837133
0.940000 0.660000 1.275514
0.960000 0.660000 0.670492
0.980000 0.660000 0.019826

0.000000 0.640000 0.019826
0.020000 0.640000 0.590182
0.040000 0.640000 1.129053
0.060000 0.640000 1.637408
0.080000 0.640000 2.116224
0.100000 0.640000 2.566474
0.120000 0.640000 2.989114
0.140000 0.640000 3.385081
0.160000 0.640000 3.755277
0.180000 0.640000 4.100567
0.200000 0.640000 4.421774
0.220000 0.640000 4.719671
0.240000 0.640000 4.994979
0.260000 0.640000 5.248365
0.280000 0.640000 5.480437
0.300000 0.640000 5.691747
0.320000 0.640000 5.882784
0.340000 0.640000 6.053978
0.360000 0.640000 6.205694
0.380000 0.640000 6.338238
0.400000 0.640000 6.451849
0.420000 0.640000 6.546705
0.440000 0.640000 6.622919
0.460000 0.640000 6.680535
0.480000 0.640000 6.719536
0.500000 0.640000 6.739833
0.520000 0.640000 6.741270
0.540000 0.640000 6.723621
0.560000 0.640000 6.686588
0.580000 0.640000 6.629798
0.600000 0.640000 6.552804
0.620000 0.640000 6.455079
0.640000 0.640000 6.336017
0.660000 0.640000 6.194928
0.680000 0.640000 6.031036
0.700000 0.640000 5.843478
0.720000 0.640000 5.631297
0.740000 0.640000 5.393445
0.760000 0.640000 5.128774
0.780000 0.640000 4.836041
0.800000 0.640000 4.513900
0.820000 0.640000 4.160905
0.840000 0.640000 3.775506
0.860000 0.640000 3.356054
0.880000 0.640000 2.900799
0.900000 0.640000 2.407896
0.920000 0.640000 1.875408
0.940000 0.640000 1.301312
0.960000 0.640000 0.683508
0.980000 0.640000 0.019826

0.000000 0.620000 0.019826
0.020000 0.620000 0.599291
0.040000 0.620000 1.147322
0.060000 0.620000 1.664831
0.080000 0.620000 2.152737
0.100000 0.620000 2.611956
0.120000 0.620000 3.043392
0.140000 0.620000 3.447934
0.160000 0.620000 3.826438
0.180000 0.620000 4.179733
0.200000 0.620000 4.508604
0.220000 0.620000 4.813796
0.240000 0.620000 5.096003
0.260000 0.620000 5.355869
0.280000 0.620000 5.593987
0.300000 0.620000 5.810890
0.320000 0.620000 6.007055
0.340000 0.620000 6.182901
0.360000 0.620000 6.338785
0.380000 0.620000 6.475004
0.400000 0.620000 6.591792
0.420000 0.620000 6.689319
0.440000 0.620000 6.767693
0.460000 0.620000 6.826954
0.480000 0.620000 6.867077
0.500000 0.620000 6.887970
0.520000 0.620000 6.889472
0.540000 0.620000 6.871349
0.560000 0.620000 6.833299
0.580000 0.620000 6.774942
0.600000 0.620000 6.695826
0.620000 0.620000 6.595419
0.640000 0.620000 6.473109
0.660000 0.620000 6.328200
0.680000 0.620000 6.159915
0.700000 0.620000 5.967387
0.720000 0.620000 5.749658
0.740000 0.620000 5.505683
0.760000 0.620000 5.234319
0.780000 0.620000 4.934329
0.800000 0.620000 4.604381
0.820000 0.620000 4.243045
0.840000 0.620000 3.848793
0.860000 0.620000 3.420002
0.880000 0.620000 2.954958
0.900000 0.620000 2.451853
0.920000 0.620000 1.908795
0.940000 0.620000 1.323812
0.960000 0.620000 0.694859
0.980000 0.620000 0.019826

0.000000 0.600000 0.019826
0.020000 0.600000 0.607102
0.040000 0.600000 1.162991
0.060000 0.600000 1.688354
0.080000 0.600000 2.184063
0.100000 0.600000 2.650987
0.120000 0.600000 3.089987
0.140000 0.600000 3.501908
0.160000 0.600000 3.887570
0.180000 0.600000 4.247767
0.200000 0.600000 4.583255
0.220000 0.600000 4.894750
0.240000 0.600000 5.182925
0.260000 0.600000 5.448403
0.280000 0.600000 5.691759
0.300000 0.600000 5.913513
0.320000 0.600000 6.114131
0.340000 0.600000 6.294018
0.360000 0.600000 6.453526
0.380000 0.600000 6.592942
0.400000 0.600000 6.712494
0.420000 0.600000 6.812347
0.440000 0.600000 6.892602
0.460000 0.600000 6.953295
0.480000 0.600000 6.994397
0.500000 0.600000 7.015809
0.520000 0.600000 7.017367
0.540000 0.600000 6.998832
0.560000 0.600000 6.959896
0.580000 0.600000 6.900176
0.600000 0.600000 6.819214
0.620000 0.600000 6.716474
0.640000 0.600000 6.591340
0.660000 0.600000 6.443113
0.680000 0.600000 6.271013
0.700000 0.600000 6.074172
0.720000 0.600000 5.851634
0.740000 0.600000 5.602355
0.760000 0.600000 5.325198
0.780000 0.600000 5.018933
0.800000 0.600000 4.682240
0.820000 0.600000 4.313704
0.840000 0.600000 3.911817
0.860000 0.600000 3.474981
0.880000 0.600000 3.001508
0.900000 0.600000 2.489626
0.920000 0.600000 1.937480
0.940000 0.600000 1.343141
0.960000 0.600000 0.704610
0.980000 0.600000 0.019826

0.000000 0.580000 0.019826
0.020000 0.580000 0.613665
0.040000 0.580000 1.176158
0.060000 0.580000 1.708126
0.080000 0.580000 2.210398
0.100000 0.580000 2.683807
0.120000 0.580000 3.129176
0.140000 0.580000 3.547317
0.160000 0.580000 3.939018
0.180000 0.580000 4.305043
0.200000 0.580000 4.646122
0.220000 0.580000 4.962949
0.240000 0.580000 5.256176
0.260000 0.580000 5.526409
0.280000 0.580000 5.774208
0.300000 0.580000 6.000080
0.320000 0.580000 6.204478
0.340000 0.580000 6.387800
0.360000 0.580000 6.550389
0.380000 0.580000 6.692524
0.400000 0.580000 6.814429
0.420000 0.580000 6.916261
0.440000 0.580000 6.998118
0.460000 0.580000 7.060031
0.480000 0.580000 7.101966
0.500000 0.580000 7.123821
0.520000 0.580000 7.125425
0.540000 0.580000 7.106539
0.560000 0.580000 7.066848
0.580000 0.580000 7.005967
0.600000 0.580000 6.923433
0.620000 0.580000 6.818707
0.640000 0.580000 6.691171
0.660000 0.580000 6.540123
0.680000 0.580000 6.364782
0.700000 0.580000 6.164280
0.720000 0.580000 5.937662
0.740000 0.580000 5.683886
0.760000 0.580000 5.401821
0.780000 0.580000 5.090246
0.800000 0.580000 4.747850
0.820000 0.580000 4.373230
0.840000 0.580000 3.964898
0.860000 0.580000 3.521273
0.880000 0.580000 3.040695
0.900000 0.580000 2.521418
0.920000 0.580000 1.961619
0.940000 0.580000 1.359404
0.960000 0.580000 0.712813
0.980000 0.580000 0.019826

0.000000 0.560000 0.019826
0.020000 0.560000 0.619023
0.040000 0.560000 1.186907
0.060000 0.560000 1.724267
0.080000 0.560000 2.231901
0.100000 0.560000 2.710610
0.120000 0.560000 3.161189
0.140000 0.560000 3.584420
0.160000 0.560000 3.981067
0.180000 0.560000 4.351868
0.200000 0.560000 4.697534
0.220000 0.560000 5.018739
0.240000 0.560000 5.316117
0.260000 0.560000 5.590261
0.280000 0.560000 5.841715
0.300000 0.560000 6.070977
0.320000 0.560000 6.278490
0.340000 0.560000 6.464645
0.360000 0.560000 6.629774
0.380000 0.560000 6.774153
0.400000 0.560000 6.897999
0.420000 0.560000 7.001466
0.440000 0.560000 7.084646
0.460000 0.560000 7.147565
0.480000 0.560000 7.190187
0.500000 0.560000 7.212406
0.520000 0.560000 7.214049
0.540000 0.560000 7.194870
0.560000 0.560000 7.154554
0.580000 0.560000 7.092712
0.600000 0.560000 7.008878
0.620000 0.560000 6.902512
0.640000 0.560000 6.772991
0.660000 0.560000 6.619616
0.680000 0.560000 6.441603
0.700000 0.560000 6.238084
0.720000 0.560000 6.008106
0.740000 0.560000 5.750631
0.760000 0.560000 5.464533
0.780000 0.560000 5.148596
0.800000 0.560000 4.801519
0.820000 0.560000 4.421911
0.840000 0.560000 4.008296
0.860000 0.560000 3.559114
0.880000 0.560000 3.072721
0.900000 0.560000 2.547395
0.920000 0.560000 1.981341
0.940000 0.560000 1.372691
0.960000 0.560000 0.719515
0.980000 0.560000 0.019826

0.000000 0.540000 0.019826
0.020000 0.540000 0.623207
0.040000 0.540000 1.195302
0.060000 0.540000 1.736876
0.080000 0.540000 2.248701
0.100000 0.540000 2.731555
0.120000 0.540000 3.186210
0.140000 0.540000 3.613426
0.160000 0.540000 4.013947
0.180000 0.540000 4.388494
0.200000 0.540000 4.737759
0.220000 0.540000 5.062401
0.240000 0.540000 5.363041
0.260000 0.540000 5.640260
0.280000 0.540000 5.894591
0.300000 0.540000 6.126523
0.320000 0.540000 6.336491
0.340000 0.540000 6.524877
0.360000 0.540000 6.692011
0.380000 0.540000 6.838160
0.400000 0.540000 6.963538
0.420000 0.540000 7.068295
0.440000 0.540000 7.152517
0.460000 0.540000 7.216231
0.480000 0.540000 7.259394
0.500000 0.540000 7.281898
0.520000 0.540000 7.283567
0.540000 0.540000 7.264154
0.560000 0.540000 7.223342
0.580000 0.540000 7.160737
0.600000 0.540000 7.075875
0.620000 0.540000 6.968210
0.640000 0.540000 6.837123
0.660000 0.540000 6.681909
0.680000 0.540000 6.501788
0.700000 0.540000 6.295890
0.720000 0.540000 6.063267
0.740000 0.540000 5.802882
0.760000 0.540000 5.513612
0.780000 0.540000 5.194249
0.800000 0.540000 4.843498
0.820000 0.540000 4.459978
0.840000 0.540000 4.042225
0.860000 0.540000 3.588691
0.880000 0.540000 3.097748
0.900000 0.540000 2.567693
0.920000 0.540000 1.996748
0.940000 0.540000 1.383069
0.960000 0.540000 0.724749
0.980000 0.540000 0.019826

0.000000 0.520000 0.019826
0.020000 0.520000 0.626244
0.040000 0.520000 1.201395
0.060000 0.520000 1.746027
0.080000 0.520000 2.260896
0.100000 0.520000 2.746761
0.120000 0.520000 3.204379
0.140000 0.520000 3.634495
0.160000 0.520000 4.037837
0.180000 0.520000 4.415114
0.200000 0.520000 4.767003
0.220000 0.520000 5.094154
0.240000 0.520000 5.397177
0.260000 0.520000 5.676644
0.280000 0.520000 5.933080
0.300000 0.520000 6.166967
0.320000 0.520000 6.378733
0.340000 0.520000 6.568755
0.360000 0.520000 6.737358
0.380000 0.520000 6.884806
0.400000 0.520000 7.011308
0.420000 0.520000 7.117009
0.440000 0.520000 7.201996
0.460000 0.520000 7.266290
0.480000 0.520000 7.309847
0.500000 0.520000 7.332558
0.520000 0.520000 7.334243
0.540000 0.520000 7.314654
0.560000 0.520000 7.273472
0.580000 0.520000 7.210303
0.600000 0.520000 7.124680
0.620000 0.520000 7.016058
0.640000 0.520000 6.883816
0.660000 0.520000 6.727251
0.680000 0.520000 6.545580
0.700000 0.520000 6.337939
0.720000 0.520000 6.103377
0.740000 0.520000 5.840862
0.760000 0.520000 5.549274
0.780000 0.520000 5.227410
0.800000 0.520000 4.873980
0.820000 0.520000 4.487611
0.840000 0.520000 4.066846
0.860000 0.520000 3.610148
0.880000 0.520000 3.115900
0.900000 0.520000 2.582411
0.920000 0.520000 2.007918
0.940000 0.520000 1.390593
0.960000 0.520000 0.728544
0.980000 0.520000 0.019826

0.000000 0.500000 0.019826
0.020000 0.500000 0.628150
0.040000 0.500000 1.205220
0.060000 0.500000 1.751773
0.080000 0.500000 2.268555
0.100000 0.500000 2.756315
0.120000 0.500000 3.215799
0.140000 0.500000 3.647742
0.160000 0.500000 4.052864
0.180000 0.500000 4.431865
0.200000 0.500000 4.785415
0.220000 0.500000 5.114155
0.240000 0.500000 5.418690
0.260000 0.500000 5.699584
0.280000 0.500000 5.957359
0.300000 0.500000 6.192489
0.320000 0.500000 6.405400
0.340000 0.500000 6.596466
0.360000 0.500000 6.766006
0.380000 0.500000 6.914282
0.400000 0.500000 7.041500
0.420000 0.500000 7.147803
0.440000 0.500000 7.233276
0.460000 0.500000 7.297937
0.480000 0.500000 7.341742
0.500000 0.500000 7.364579
0.520000 0.500000 7.366269
0.540000 0.500000 7.346561
0.560000 0.500000 7.305135
0.580000 0.500000 7.241598
0.600000 0.500000 7.155481
0.620000 0.500000 7.046241
0.640000 0.500000 6.913255
0.660000 0.500000 6.755821
0.680000 0.500000 6.573159
0.700000 0.500000 6.364402
0.720000 0.500000 6.128604
0.740000 0.500000 5.864734
0.760000 0.500000 5.571675
0.780000 0.500000 5.248227
0.800000 0.500000 4.893104
0.820000 0.500000 4.504937
0.840000 0.500000 4.082276
0.860000 0.500000 3.623588
0.880000 0.500000 3.127265
0.900000 0.500000 2.591623
0.920000 0.500000 2.014908
0.940000 0.500000 1.395299
0.960000 0.500000 0.730917
0.980000 0.500000 0.019826

0.000000 0.480000 0.019826
0.020000 0.480000 0.628936
0.040000 0.480000 1.206799
0.060000 0.480000 1.754146
0.080000 0.480000 2.271721
0.100000 0.480000 2.760268
0.120000 0.480000 3.220529
0.140000 0.480000 3.653236
0.160000 0.480000 4.059106
0.180000 0.480000 4.438833
0.200000 0.480000 4.793086
0.220000 0.480000 5.122501
0.240000 0.480000 5.427681
0.260000 0.480000 5.709187
0.280000 0.480000 5.967537
0.300000 0.480000 6.203205
0.320000 0.480000 6.416612
0.340000 0.480000 6.608129
0.360000 0.480000 6.778075
0.380000 0.480000 6.926711
0.400000 0.480000 7.054238
0.420000 0.480000 7.160801
0.440000 0.480000 7.246481
0.460000 0.480000 7.311297
0.480000 0.480000 7.355203
0.500000 0.480000 7.378087
0.520000 0.480000 7.379768
0.540000 0.480000 7.359997
0.560000 0.480000 7.318453
0.580000 0.480000 7.254743
0.600000 0.480000 7.168398
0.620000 0.480000 7.058876
0.640000 0.480000 6.925555
0.660000 0.480000 6.767734
0.680000 0.480000 6.584633
0.700000 0.480000 6.375388
0.720000 0.480000 6.139053
0.740000 0.480000 5.874598
0.760000 0.480000 5.580910
0.780000 0.480000 5.256789
0.800000 0.480000 4.900952
0.820000 0.480000 4.512033
0.840000 0.480000 4.088583
0.860000 0.480000 3.629072
0.880000 0.480000 3.131895
0.900000 0.480000 2.595371
0.920000 0.480000 2.017749
0.940000 0.480000 1.397211
0.960000 0.480000 0.731881
0.980000 0.480000 0.019826

0.000000 0.460000 0.019826
0.020000 0.460000 0.628607
0.040000 0.460000 1.206140
0.060000 0.460000 1.753159
0.080000 0.460000 2.270409
0.100000 0.460000 2.758640
0.120000 0.460000 3.218593
0.140000 0.460000 3.651005
0.160000 0.460000 4.056592
0.180000 0.460000 4.436052
0.200000 0.460000 4.790052
0.220000 0.460000 5.119232
0.240000 0.460000 5.424193
0.260000 0.460000 5.705497
0.280000 0.460000 5.963663
0.300000 0.460000 6.199161
0.320000 0.460000 6.412415
0.340000 0.460000 6.603796
0.360000 0.460000 6.773619
0.380000 0.460000 6.922145
0.400000 0.460000 7.049577
0.420000 0.460000 7.156057
0.440000 0.460000 7.241667
0.460000 0.460000 7.306426
0.480000 0.460000 7.350286
0.500000 0.460000 7.373136
0.520000 0.460000 7.374796
0.540000 0.460000 7.355017
0.560000 0.460000 7.313479
0.580000 0.460000 7.249790
0.600000 0.460000 7.163482
0.620000 0.460000 7.054014
0.640000 0.460000 6.920765
0.660000 0.460000 6.763036
0.680000 0.460000 6.580048
0.700000 0.460000 6.370938
0.720000 0.460000 6.134762
0.740000 0.460000 5.870492
0.760000 0.460000 5.577013
0.780000 0.460000 5.253129
0.800000 0.460000 4.897555
0.820000 0.460000 4.508926
0.840000 0.460000 4.085791
0.860000 0.460000 3.626622
0.880000 0.460000 3.129809
0.900000 0.460000 2.593670
0.920000 0.460000 2.016452
0.940000 0.460000 1.396335
0.960000 0.460000 0.731438
0.980000 0.460000 0.019826

0.000000 0.440000 0.019826
0.020000 0.440000 0.627160
0.040000 0.440000 1.203237
0.060000 0.440000 1.748802
0.080000 0.440000 2.264609
0.100000 0.440000 2.751417
0.120000 0.440000 3.209977
0.140000 0.440000 3.641031
0.160000 0.440000 4.045305
0.180000 0.440000 4.423501
0.200000 0.440000 4.776295
0.220000 0.440000 5.104328
0.240000 0.440000 5.408207
0.260000 0.440000 5.688496
0.280000 0.440000 5.945716
0.300000 0.440000 6.180341
0.320000 0.440000 6.392795
0.340000 0.440000 6.583449
0.360000 0.440000 6.752621
0.380000 0.440000 6.900571
0.400000 0.440000 7.027503
0.420000 0.440000 7.133559
0.440000 0.440000 7.218821
0.460000 0.440000 7.283309
0.480000 0.440000 7.326977
0.500000 0.440000 7.349713
0.520000 0.440000 7.351340
0.540000 0.440000 7.331608
0.560000 0.440000 7.290200
0.580000 0.440000 7.226724
0.600000 0.440000 7.140717
0.620000 0.440000 7.031637
0.640000 0.440000 6.898866
0.660000 0.440000 6.741707
0.680000 0.440000 6.559382
0.700000 0.440000 6.351031
0.720000 0.440000 6.115710
0.740000 0.440000 5.852392
0.760000 0.440000 5.559962
0.780000 0.440000 5.237223
0.800000 0.440000 4.882890
0.820000 0.440000 4.495593
0.840000 0.440000 4.073880
0.860000 0.440000 3.616216
0.880000 0.440000 3.120988
0.900000 0.440000 2.586506
0.920000 0.440000 2.011007
0.940000 0.440000 1.392664
0.960000 0.440000 0.729585
0.980000 0.440000 0.019826

0.000000 0.420000 0.019826
0.020000 0.420000 0.624584
0.040000 0.420000 1.198070
0.060000 0.420000 1.741046
0.080000 0.420000 2.254282
0.100000 0.420000 2.738553
0.120000 0.420000 3.194624
0.140000 0.420000 3.623253
0.160000 0.420000 4.025177
0.180000 0.420000 4.401110
0.200000 0.420000 4.751738
0.220000 0.420000 5.077710
0.240000 0.420000 5.379640
0.260000 0.420000 5.658099
0.280000 0.420000 5.913613
0.300000 0.420000 6.146660
0.320000 0.420000 6.357666
0.340000 0.420000 6.547005
0.360000 0.420000 6.714997
0.380000 0.420000 6.861905
0.400000 0.420000 6.987932
0.420000 0.420000 7.093224
0.440000 0.420000 7.177862
0.460000 0.420000 7.241867
0.480000 0.420000 7.285196
0.500000 0.420000 7.307738
0.520000 0.420000 7.309317
0.540000 0.420000 7.289687
0.560000 0.420000 7.248531
0.580000 0.420000 7.185462
0.600000 0.420000 7.100017
0.620000 0.420000 6.991659
0.640000 0.420000 6.859771
0.660000 0.420000 6.703659
0.680000 0.420000 6.522548
0.700000 0.420000 6.315579
0.720000 0.420000 6.081810
0.740000 0.420000 5.820212
0.760000 0.420000 5.529673
0.780000 0.420000 5.208991
0.800000 0.420000 4.856879
0.820000 0.420000 4.471962
0.840000 0.420000 4.052783
0.860000 0.420000 3.597797
0.880000 0.420000 3.105381
0.900000 0.420000 2.573834
0.920000 0.420000 2.001380
0.940000 0.420000 1.386175
0.960000 0.420000 0.726311
0.980000 0.420000 0.019826

0.000000 0.400000 0.019826
0.020000 0.400000 0.620863
0.040000 0.400000 1.190605
0.060000 0.400000 1.729841
0.080000 0.400000 2.239363
0.100000 0.400000 2.719967
0.120000 0.400000 3.172443
0.140000 0.400000 3.597566
0.160000 0.400000 3.996093
0.180000 0.400000 4.368754
0.200000 0.400000 4.716248
0.220000 0.400000 5.039239
0.240000 0.400000 5.338350
0.260000 0.400000 5.614161
0.280000 0.400000 5.867206
0.300000 0.400000 6.097967
0.320000 0.400000 6.306876
0.340000 0.400000 6.494312
0.360000 0.400000 6.660597
0.380000 0.400000 6.805996
0.400000 0.400000 6.930715
0.420000 0.400000 7.034901
0.440000 0.400000 7.118638
0.460000 0.400000 7.181949
0.480000 0.400000 7.224792
0.500000 0.400000 7.247060
0.520000 0.400000 7.248578
0.540000 0.400000 7.229103
0.560000 0.400000 7.188323
0.580000 0.400000 7.125852
0.600000 0.400000 7.041231
0.620000 0.400000 6.933927
0.640000 0.400000 6.803327
0.660000 0.400000 6.648740
0.680000 0.400000 6.469393
0.700000 0.400000 6.264430
0.720000 0.400000 6.032910
0.740000 0.400000 5.773805
0.760000 0.400000 5.486000
0.780000 0.400000 5.168293
0.800000 0.400000 4.819389
0.820000 0.400000 4.437910
0.840000 0.400000 4.022386
0.860000 0.400000 3.571262
0.880000 0.400000 3.082901
0.900000 0.400000 2.555583
0.920000 0.400000 1.987515
0.940000 0.400000 1.376829
0.960000 0.400000 0.721596
0.980000 0.400000 0.019826

0.000000 0.380000 0.019826
0.020000 0.380000 0.615971
0.040000 0.380000 1.180795
0.060000 0.380000 1.715114
0.080000 0.380000 2.219755
0.100000 0.380000 2.695544
0.120000 0.380000 3.143297
0.140000 0.380000 3.563818
0.160000 0.380000 3.957886
0.180000 0.380000 4.326252
0.200000 0.380000 4.669636
0.220000 0.380000 4.988716
0.240000 0.380000 5.284131
0.260000 0.380000 5.556470
0.280000 0.380000 5.806278
0.300000 0.380000 6.034044
0.320000 0.380000 6.240207
0.340000 0.380000 6.425151
0.360000 0.380000 6.589200
0.380000 0.380000 6.732624
0.400000 0.380000 6.855632
0.420000 0.380000 6.958372
0.440000 0.380000 7.040932
0.460000 0.380000 7.103338
0.480000 0.380000 7.145549
0.500000 0.380000 7.167462
0.520000 0.380000 7.168905
0.540000 0.380000 7.149639
0.560000 0.380000 7.109355
0.580000 0.380000 7.047673
0.600000 0.380000 6.964138
0.620000 0.380000 6.858221
0.640000 0.380000 6.729313
0.660000 0.380000 6.576729
0.680000 0.380000 6.399697
0.700000 0.380000 6.197366
0.720000 0.380000 5.968795
0.740000 0.380000 5.712959
0.760000 0.380000 5.428739
0.780000 0.380000 5.114931
0.800000 0.380000 4.770234
0.820000 0.380000 4.393259
0.840000 0.380000 3.982526
0.860000 0.380000 3.536466
0.880000 0.380000 3.053420
0.900000 0.380000 2.531649
0.920000 0.380000 1.969331
0.940000 0.380000 1.364573
0.960000 0.380000 0.715412
0.980000 0.380000 0.019826

0.000000 0.360000 0.019826
0.020000 0.360000 0.609877
0.040000 0.360000 1.168573
0.060000 0.360000 1.696770
0.080000 0.360000 2.195335
0.100000 0.360000 2.665130
0.120000 0.360000 3.107009
0.140000 0.360000 3.521807
0.160000 0.360000 3.910333
0.180000 0.360000 4.273367
0.200000 0.360000 4.611649
0.220000 0.360000 4.925879
0.240000 0.360000 5.216710
0.260000 0.360000 5.484748
0.280000 0.360000 5.730546
0.300000 0.360000 5.954605
0.320000 0.360000 6.157371
0.340000 0.360000 6.339231
0.360000 0.360000 6.500516
0.380000 0.360000 6.641500
0.400000 0.360000 6.762394
0.420000 0.360000 6.863350
0.440000 0.360000 6.944458
0.460000 0.360000 7.005747
0.480000 0.360000 7.047181
0.500000 0.360000 7.068658
0.520000 0.360000 7.070012
0.540000 0.360000 7.051008
0.560000 0.360000 7.011343
0.580000 0.360000 6.950639
0.600000 0.360000 6.868450
0.620000 0.360000 6.764251
0.640000 0.360000 6.637440
0.660000 0.360000 6.487334
0.680000 0.360000 6.313170
0.700000 0.360000 6.114099
0.720000 0.360000 5.889182
0.740000 0.360000 5.637395
0.760000 0.360000 5.357620
0.780000 0.360000 5.048644
0.800000 0.360000 4.709164
0.820000 0.360000 4.337779
0.840000 0.360000 3.932993
0.860000 0.360000 3.493218
0.880000 0.360000 3.016775
0.900000 0.360000 2.501894
0.920000 0.360000 1.946724
0.940000 0.360000 1.349334
0.960000 0.360000 0.707723
0.980000 0.360000 0.019826

0.000000 0.340000 0.019826
0.020000 0.340000 0.602540
0.040000 0.340000 1.153858
0.060000 0.340000 1.674687
0.080000 0.340000 2.165942
0.100000 0.340000 2.628531
0.120000 0.340000 3.063352
0.140000 0.340000 3.471280
0.160000 0.340000 3.853159
0.180000 0.340000 4.209801
0.200000 0.340000 4.541973
0.220000 0.340000 4.850398
0.240000 0.340000 5.135749
0.260000 0.340000 5.398647
0.280000 0.340000 5.639659
0.300000 0.340000 5.859295
0.320000 0.340000 6.058009
0.340000 0.340000 6.236194
0.360000 0.340000 6.394188
0.380000 0.340000 6.532266
0.400000 0.340000 6.650645
0.420000 0.340000 6.749479
0.440000 0.340000 6.828861
0.460000 0.340000 6.888824
0.480000 0.340000 6.929334
0.500000 0.340000 6.950296
0.520000 0.340000 6.951547
0.540000 0.340000 6.932857
0.560000 0.340000 6.893930
0.580000 0.340000 6.834395
0.600000 0.340000 6.753810
0.620000 0.340000 6.651659
0.640000 0.340000 6.527347
0.660000 0.340000 6.380199
0.680000 0.340000 6.209456
0.700000 0.340000 6.014274
0.720000 0.340000 5.793721
0.740000 0.340000 5.546771
0.760000 0.340000 5.272306
0.780000 0.340000 4.969110
0.800000 0.340000 4.635872
0.820000 0.340000 4.271179
0.840000 0.340000 3.873518
0.860000 0.340000 3.441280
0.880000 0.340000 2.972757
0.900000 0.340000 2.466147
0.920000 0.340000 1.919560
0.940000 0.340000 1.331022
0.960000 0.340000 0.698483
0.980000 0.340000 0.019826

0.000000 0.320000 0.019826
0.020000 0.320000 0.593909
0.040000 0.320000 1.136550
0.060000 0.320000 1.648716
0.080000 0.320000 2.131382
0.100000 0.320000 2.585511
0.120000 0.320000 3.012052
0.140000 0.320000 3.411928
0.160000 0.320000 3.786025
0.180000 0.320000 4.135191
0.200000 0.320000 4.460225
0.220000 0.320000 4.761876
0.240000 0.320000 5.040838
0.260000 0.320000 5.297750
0.280000 0.320000 5.533193
0.300000 0.320000 5.747686
0.320000 0.320000 5.941692
0.340000 0.320000 6.115612
0.360000 0.320000 6.269787
0.380000 0.320000 6.404496
0.400000 0.320000 6.519960
0.420000 0.320000 6.616335
0.440000 0.320000 6.693719
0.460000 0.320000 6.752147
0.480000 0.320000 6.791590
0.500000 0.320000 6.811956
0.520000 0.320000 6.813089
0.540000 0.320000 6.794766
0.560000 0.320000 6.756695
0.580000 0.320000 6.698515
0.600000 0.320000 6.619793
0.620000 0.320000 6.520019
0.640000 0.320000 6.398609
0.660000 0.320000 6.254895
0.680000 0.320000 6.088126
0.700000 0.320000 5.897467
0.720000 0.320000 5.681988
0.740000 0.320000 5.440669
0.760000 0.320000 5.172392
0.780000 0.320000 4.875937
0.800000 0.320000 4.549984
0.820000 0.320000 4.193108
0.840000 0.320000 3.803779
0.860000 0.320000 3.380361
0.880000 0.320000 2.921114
0.900000 0.320000 2.424198
0.920000 0.320000 1.887677
0.940000 0.320000 1.309525
0.960000 0.320000 0.687635
0.980000 0.320000 0.019826

0.000000 0.300000 0.019826
0.020000 0.300000 0.583921
0.040000 0.300000 1.116525
0.060000 0.300000 1.618676
0.080000 0.300000 2.091418
0.100000 0.300000 2.535782
0.120000 0.300000 2.952777
0.140000 0.300000 3.343381
0.160000 0.300000 3.708528
0.180000 0.300000 4.049107
0.200000 0.300000 4.365953
0.220000 0.300000 4.659843
0.240000 0.300000 4.931495
0.260000 0.300000 5.181566
0.280000 0.300000 5.410649
0.300000 0.300000 5.619278
0.320000 0.300000 5.807921
0.340000 0.300000 5.976984
0.360000 0.300000 6.126814
0.380000 0.300000 6.257693
0.400000 0.300000 6.369844
0.420000 0.300000 6.463427
0.440000 0.300000 6.538543
0.460000 0.300000 6.595228
0.480000 0.300000 6.633460
0.500000 0.300000 6.653152
0.520000 0.300000 6.654153
0.540000 0.300000 6.636246
0.560000 0.300000 6.599149
0.580000 0.300000 6.542510
0.600000 0.300000 6.465905
0.620000 0.300000 6.368835
0.640000 0.300000 6.250726
0.660000 0.300000 6.110922
0.680000 0.300000 5.948682
0.700000 0.300000 5.763178
0.720000 0.300000 5.553491
0.740000 0.300000 5.318604
0.760000 0.300000 5.057401
0.780000 0.300000 4.768661
0.800000 0.300000 4.451056
0.820000 0.300000 4.103149
0.840000 0.300000 3.723388
0.860000 0.300000 3.310111
0.880000 0.300000 2.861541
0.900000 0.300000 2.375794
0.920000 0.300000 1.850880
0.940000 0.300000 1.284711
0.960000 0.300000 0.675110
0.980000 0.300000 0.019826

0.000000 0.280000 0.019826
0.020000 0.280000 0.572504
0.040000 0.280000 1.093637
0.060000 0.280000 1.584350
0.080000 0.280000 2.045770
0.100000 0.280000 2.479005
0.120000 0.280000 2.885135
0.140000 0.280000 3.265200
0.160000 0.280000 3.620192
0.180000 0.280000 3.951043
0.200000 0.280000 4.258626
0.220000 0.280000 4.543751
0.240000 0.280000 4.807159
0.260000 0.280000 5.049524
0.280000 0.280000 5.271456
0.300000 0.280000 5.473495
0.320000 0.280000 5.656119
0.340000 0.280000 5.819737
0.360000 0.280000 5.964699
0.380000 0.280000 6.091291
0.400000 0.280000 6.199735
0.420000 0.280000 6.290196
0.440000 0.280000 6.362776
0.460000 0.280000 6.417515
0.480000 0.280000 6.454394
0.500000 0.280000 6.473332
0.520000 0.280000 6.474185
0.540000 0.280000 6.456744
0.560000 0.280000 6.420737
0.580000 0.280000 6.365821
0.600000 0.280000 6.291584
0.620000 0.280000 6.197541
0.640000 0.280000 6.083130
0.660000 0.280000 5.947708
0.680000 0.280000 5.790548
0.700000 0.280000 5.610835
0.720000 0.280000 5.407658
0.740000 0.280000 5.180010
0.760000 0.280000 4.926778
0.780000 0.280000 4.646743
0.800000 0.280000 4.338571
0.820000 0.280000 4.000811
0.840000 0.280000 3.631891
0.860000 0.280000 3.230119
0.880000 0.280000 2.793679
0.900000 0.280000 2.320634
0.920000 0.280000 1.808933
0.940000 0.280000 1.256417
0.960000 0.280000 0.660829
0.980000 0.280000 0.019826

0.000000 0.260000 0.019826
0.020000 0.260000 0.559568
0.040000 0.260000 1.067711
0.060000 0.260000 1.545481
0.080000 0.260000 1.994103
0.100000 0.260000 2.414776
0.120000 0.260000 2.808662
0.140000 0.260000 3.176874
0.160000 0.260000 3.520461
0.180000 0.260000 3.840409
0.200000 0.260000 4.137632
0.220000 0.260000 4.412969
0.240000 0.260000 4.667186
0.260000 0.260000 4.900976
0.280000 0.260000 5.114959
0.300000 0.260000 5.309685
0.320000 0.260000 5.485636
0.340000 0.260000 5.643224
0.360000 0.260000 5.782801
0.380000 0.260000 5.904652
0.400000 0.260000 6.009002
0.420000 0.260000 6.096015
0.440000 0.260000 6.165795
0.460000 0.260000 6.218386
0.480000 0.260000 6.253772
0.500000 0.260000 6.271879
0.520000 0.260000 6.272568
0.540000 0.260000 6.255641
0.560000 0.260000 6.220836
0.580000 0.260000 6.167821
0.600000 0.260000 6.096201
0.620000 0.260000 6.005502
0.640000 0.260000 5.895181
0.660000 0.260000 5.764610
0.680000 0.260000 5.613078
0.700000 0.260000 5.439787
0.720000 0.260000 5.243840
0.740000 0.260000 5.024242
0.760000 0.260000 4.779889
0.780000 0.260000 4.509563
0.800000 0.260000 4.211928
0.820000 0.260000 3.885523
0.840000 0.260000 3.528757
0.860000 0.260000 3.139903
0.880000 0.260000 2.717103
0.900000 0.260000 2.258363
0.920000 0.260000 1.761562
0.940000 0.260000 1.224456
0.960000 0.260000 0.644693
0.980000 0.260000 0.019826

0.000000 0.240000 0.019826
0.020000 0.240000 0.545009
0.040000 0.240000 1.038538
0.060000 0.240000 1.501763
0.080000 0.240000 1.936022
0.100000 0.240000 2.342621
0.120000 0.240000 2.722817
0.140000 0.240000 3.077801
0.160000 0.240000 3.408693
0.180000 0.240000 3.716529
0.200000 0.240000 4.002267
0.220000 0.240000 4.266776
0.240000 0.240000 4.510846
0.260000 0.240000 4.735186
0.280000 0.240000 4.940424
0.300000 0.240000 5.127115
0.320000 0.240000 5.295744
0.340000 0.240000 5.446725
0.360000 0.240000 5.580405
0.380000 0.240000 5.697071
0.400000 0.240000 5.796945
0.420000 0.240000 5.880192
0.440000 0.240000 5.946914
0.460000 0.240000 5.997159
0.480000 0.240000 6.030915
0.500000 0.240000 6.048112
0.520000 0.240000 6.048621
0.540000 0.240000 6.032254
0.560000 0.240000 5.998758
0.580000 0.240000 5.947820
0.600000 0.240000 5.879055
0.620000 0.240000 5.792013
0.640000 0.240000 5.686165
0.660000 0.240000 5.560906
0.680000 0.240000 5.415546
0.700000 0.240000 5.249304
0.720000 0.240000 5.061306
0.740000 0.240000 4.850570
0.760000 0.240000 4.616008
0.780000 0.240000 4.356409
0.800000 0.240000 4.070439
0.820000 0.240000 3.756629
0.840000 0.240000 3.413367
0.860000 0.240000 3.038898
0.880000 0.240000 2.631315
0.900000 0.240000 2.188562
0.920000 0.240000 1.708438
0.940000 0.240000 1.188601
0.960000 0.240000 0.626587
0.980000 0.240000 0.019826

0.000000 0.220000 0.019826
0.020000 0.220000 0.528700
0.040000 0.220000 1.005870
0.060000 0.220000 1.452831
0.080000 0.220000 1.871058
0.100000 0.220000 2.261981
0.120000 0.220000 2.626964
0.140000 0.220000 2.967288
0.160000 0.220000 3.284143
0.180000 0.220000 3.578624
0.200000 0.220000 3.851728
0.220000 0.220000 4.104356
0.240000 0.220000 4.337317
0.260000 0.220000 4.551329
0.280000 0.220000 4.747028
0.300000 0.220000 4.924971
0.320000 0.220000 5.085639
0.340000 0.220000 5.229443
0.360000 0.220000 5.356727
0.380000 0.220000 5.467773
0.400000 0.220000 5.562799
0.420000 0.220000 5.641967
0.440000 0.220000 5.705380
0.460000 0.220000 5.753087
0.480000 0.220000 5.785078
0.500000 0.220000 5.801290
0.520000 0.220000 5.801602
0.540000 0.220000 5.785836
0.560000 0.220000 5.753754
0.580000 0.220000 5.705058
0.600000 0.220000 5.639383
0.620000 0.220000 5.556298
0.640000 0.220000 5.455298
0.660000 0.220000 5.335802
0.680000 0.220000 5.197145
0.700000 0.220000 5.038573
0.720000 0.220000 4.859235
0.740000 0.220000 4.658173
0.760000 0.220000 4.434318
0.780000 0.220000 4.186475
0.800000 0.220000 3.913316
0.820000 0.220000 3.613369
0.840000 0.220000 3.285009
0.860000 0.220000 2.926448
0.880000 0.220000 2.535734
0.900000 0.220000 2.110740
0.920000 0.220000 1.649174
0.940000 0.220000 1.148584
0.960000 0.220000 0.606374
0.980000 0.220000 0.019826

0.000000 0.200000 0.019826
0.020000 0.200000 0.510490
0.040000 0.200000 0.969408
0.060000 0.200000 1.398251
0.080000 0.200000 1.798656
0.100000 0.200000 2.172198
0.120000 0.200000 2.520361
0.140000 0.200000 2.844525
0.160000 0.200000 3.145956
0.180000 0.200000 3.425804
0.200000 0.200000 3.685107
0.220000 0.200000 3.924789
0.240000 0.200000 4.145674
0.260000 0.200000 4.348486
0.280000 0.200000 4.533862
0.300000 0.200000 4.702353
0.320000 0.200000 4.854433
0.340000 0.200000 4.990507
0.360000 0.200000 5.110909
0.380000 0.200000 5.215912
0.400000 0.200000 5.305730
0.420000 0.200000 5.380520
0.440000 0.200000 5.440381
0.460000 0.200000 5.485363
0.480000 0.200000 5.515459
0.500000 0.200000 5.530610
0.520000 0.200000 5.530706
0.540000 0.200000 5.515580
0.560000 0.200000 5.485010
0.580000 0.200000 5.438715
0.600000 0.200000 5.376352
0.620000 0.200000 5.297513
0.640000 0.200000 5.201722
0.660000 0.200000 5.088427
0.680000 0.200000 4.956992
0.700000 0.200000 4.806696
0.720000 0.200000 4.636719
0.740000 0.200000 4.446136
0.760000 0.200000 4.233903
0.780000 0.200000 3.998849
0.800000 0.200000 3.739663
0.820000 0.200000 3.454876
0.840000 0.200000 3.142856
0.860000 0.200000 2.801790
0.880000 0.200000 2.429674
0.900000 0.200000 2.024312
0.920000 0.200000 1.583310
0.940000 0.200000 1.104087
0.960000 0.200000 0.583891
0.980000 0.200000 0.019826

0.000000 0.180000 0.019826
0.020000 0.180000 0.490195
0.040000 0.180000 0.928792
0.060000 0.180000 1.337500
0.080000 0.180000 1.718154
0.100000 0.180000 2.072493
0.120000 0.180000 2.402138
0.140000 0.180000 2.708575
0.160000 0.180000 2.993146
0.180000 0.180000 3.257055
0.200000 0.180000 3.501372
0.220000 0.180000 3.727041
0.240000 0.180000 3.934889
0.260000 0.180000 4.125641
0.280000 0.180000 4.299924
0.300000 0.180000 4.458277
0.320000 0.180000 4.601163
0.340000 0.180000 4.728971
0.360000 0.180000 4.842022
0.380000 0.180000 4.940579
0.400000 0.180000 5.024844
0.420000 0.180000 5.094967
0.440000 0.180000 5.151044
0.460000 0.180000 5.193121
0.480000 0.180000 5.221195
0.500000 0.180000 5.235214
0.520000 0.180000 5.235074
0.540000 0.180000 5.220622
0.560000 0.180000 5.191653
0.580000 0.180000 5.147907
0.600000 0.180000 5.089065
0.620000 0.180000 5.014748
0.640000 0.180000 4.924509
0.660000 0.180000 4.817832
0.680000 0.180000 4.694119
0.700000 0.180000 4.552686
0.720000 0.180000 4.392755
0.740000 0.180000 4.213440
0.760000 0.180000 4.013735
0.780000 0.180000 3.792504
0.800000 0.180000 3.548461
0.820000 0.180000 3.280155
0.840000 0.180000 2.985956
0.860000 0.180000 2.664031
0.880000 0.180000 2.312333
0.900000 0.180000 1.928590
0.920000 0.180000 1.510297
0.940000 0.180000 1.054726
0.960000 0.180000 0.558939
0.980000 0.180000 0.019826

0.000000 0.160000 0.019826
0.020000 0.160000 0.467589
0.040000 0.160000 0.883580
0.060000 0.160000 1.269947
0.080000 0.160000 1.628756
0.100000 0.160000 1.961941
0.120000 0.160000 2.271273
0.140000 0.160000 2.558347
0.160000 0.160000 2.824580
0.180000 0.160000 3.071222
0.200000 0.160000 3.299365
0.220000 0.160000 3.509958
0.240000 0.160000 3.703825
0.260000 0.160000 3.881675
0.280000 0.160000 4.044118
0.300000 0.160000 4.191674
0.320000 0.160000 4.324783
0.340000 0.160000 4.443814
0.360000 0.160000 4.549070
0.380000 0.160000 4.640796
0.400000 0.160000 4.719182
0.420000 0.160000 4.784365
0.440000 0.160000 4.836437
0.460000 0.160000 4.875440
0.480000 0.160000 4.901372
0.500000 0.160000 4.914186
0.520000 0.160000 4.913788
0.540000 0.160000 4.900039
0.560000 0.160000 4.872752
0.580000 0.160000 4.831691
0.600000 0.160000 4.776563
0.620000 0.160000 4.707023
0.640000 0.160000 4.622659
0.660000 0.160000 4.522994
0.680000 0.160000 4.407476
0.700000 0.160000 4.275469
0.720000 0.160000 4.126242
0.740000 0.160000 3.958962
0.760000 0.160000 3.772673
0.780000 0.160000 3.566286
0.800000 0.160000 3.338557
0.820000 0.160000 3.088068
0.840000 0.160000 2.813204
0.860000 0.160000 2.512128
0.880000 0.160000 2.182758
0.900000 0.160000 1.822747
0.920000 0.160000 1.429472
0.940000 0.160000 1.000035
0.960000 0.160000 0.531278
0.980000 0.160000 0.019826

0.000000 0.140000 0.019826
0.020000 0.140000 0.442392
0.040000 0.140000 0.833230
0.060000 0.140000 1.194816
0.080000 0.140000 1.529500
0.100000 0.140000 1.839437
0.120000 0.140000 2.126561
0.140000 0.140000 2.392574
0.160000 0.140000 2.638960
0.180000 0.140000 2.866996
0.200000 0.140000 3.077782
0.220000 0.140000 3.272256
0.240000 0.140000 3.451222
0.260000 0.140000 3.615361
0.280000 0.140000 3.765253
0.300000 0.140000 3.901385
0.320000 0.140000 4.024169
0.340000 0.140000 4.133944
0.360000 0.140000 4.230989
0.380000 0.140000 4.315526
0.400000 0.140000 4.387728
0.420000 0.140000 4.447719
0.440000 0.140000 4.495579
0.460000 0.140000 4.531349
0.480000 0.140000 4.555024
0.500000 0.140000 4.566563
0.520000 0.140000 4.565882
0.540000 0.140000 4.552858
0.560000 0.140000 4.527324
0.580000 0.140000 4.489068
0.600000 0.140000 4.437829
0.620000 0.140000 4.373297
0.640000 0.140000 4.295103
0.660000 0.140000 4.202815
0.680000 0.140000 4.095934
0.700000 0.140000 3.973878
0.720000 0.140000 3.835980
0.740000 0.140000 3.681467
0.760000 0.140000 3.509450
0.780000 0.140000 3.318905
0.800000 0.140000 3.108647
0.820000 0.140000 2.877313
0.840000 0.140000 2.623324
0.860000 0.140000 2.344859
0.880000 0.140000 2.039817
0.900000 0.140000 1.705788
0.920000 0.140000 1.340026
0.940000 0.140000 0.939440
0.960000 0.140000 0.500607
0.980000 0.140000 0.019826

0.000000 0.120000 0.019827
0.020000 0.120000 0.414248
0.040000 0.120000 0.777054
0.060000 0.120000 1.111143
0.080000 0.120000 1.419205
0.100000 0.120000 1.703649
0.120000 0.120000 1.966575
0.140000 0.120000 2.209781
0.160000 0.120000 2.434792
0.180000 0.120000 2.642894
0.200000 0.120000 2.835167
0.220000 0.120000 3.012517
0.240000 0.120000 3.175705
0.260000 0.120000 3.325368
0.280000 0.120000 3.462041
0.300000 0.120000 3.586169
0.320000 0.120000 3.698120
0.340000 0.120000 3.798199
0.360000 0.120000 3.886651
0.380000 0.120000 3.963673
0.400000 0.120000 4.029412
0.420000 0.120000 4.083978
0.440000 0.120000 4.127438
0.460000 0.120000 4.159826
0.480000 0.120000 4.181137
0.500000 0.120000 4.191334
0.520000 0.120000 4.190344
0.540000 0.120000 4.178059
0.560000 0.120000 4.154335
0.580000 0.120000 4.118986
0.600000 0.120000 4.071788
0.620000 0.120000 4.012468
0.640000 0.120000 3.940706
0.660000 0.120000 3.856123
0.680000 0.120000 3.758279
0.700000 0.120000 3.646658
0.720000 0.120000 3.520665
0.740000 0.120000 3.379605
0.760000 0.120000 3.222671
0.780000 0.120000 3.048923
0.800000 0.120000 2.857262
0.820000 0.120000 2.646403
0.840000 0.120000 2.414834
0.860000 0.120000 2.160782
0.880000 0.120000 1.882155
0.900000 0.120000 1.576502
0.920000 0.120000 1.240958
0.940000 0.120000 0.872221
0.960000 0.120000 0.466551
0.980000 0.120000 0.019829

0.000000 0.100000 0.019829
0.020000 0.100000 0.382694
0.040000 0.100000 0.714171
0.060000 0.100000 1.017707
0.080000 0.100000 1.296409
0.100000 0.100000 1.552963
0.120000 0.100000 1.789620
0.140000 0.100000 2.008245
0.160000 0.100000 2.210368
0.180000 0.100000 2.397243
0.200000 0.100000 2.569897
0.220000 0.100000 2.729175
0.240000 0.100000 2.875771
0.260000 0.100000 3.010256
0.280000 0.100000 3.133103
0.300000 0.100000 3.244700
0.320000 0.100000 3.345363
0.340000 0.100000 3.435352
0.360000 0.100000 3.514872
0.380000 0.100000 3.584085
0.400000 0.100000 3.643115
0.420000 0.100000 3.692048
0.440000 0.100000 3.730938
0.460000 0.100000 3.759809
0.480000 0.100000 3.778657
0.500000 0.100000 3.787447
0.520000 0.100000 3.786118
0.540000 0.100000 3.774578
0.560000 0.100000 3.752705
0.580000 0.100000 3.720346
0.600000 0.100000 3.677313
0.620000 0.100000 3.623379
0.640000 0.100000 3.558274
0.660000 0.100000 3.481679
0.680000 0.100000 3.393222
0.700000 0.100000 3.292464
0.720000 0.100000 3.178893
0.740000 0.100000 3.051908
0.760000 0.100000 2.910803
0.780000 0.100000 2.754745
0.800000 0.100000 2.582748
0.820000 0.100000 2.393639
0.840000 0.100000 2.186015
0.860000 0.100000 1.958191
0.880000 0.100000 1.708135
0.900000 0.100000 1.433393
0.920000 0.100000 1.131008
0.940000 0.100000 0.797458
0.960000 0.100000 0.428622
0.980000 0.100000 0.019837

0.000000 0.080000 0.019840
0.020000 0.080000 0.347111
0.040000 0.080000 0.643412
0.060000 0.080000 0.912932
0.080000 0.080000 1.159278
0.100000 0.080000 1.385407
0.120000 0.080000 1.593681
0.140000 0.080000 1.785967
0.160000 0.080000 1.963740
0.180000 0.080000 2.128168
0.200000 0.080000 2.280181
0.220000 0.080000 2.420524
0.240000 0.080000 2.549796
0.260000 0.080000 2.668481
0.280000 0.080000 2.776969
0.300000 0.080000 2.875576
0.320000 0.080000 2.964558
0.340000 0.080000 3.044116
0.360000 0.080000 3.114411
0.380000 0.080000 3.175567
0.400000 0.080000 3.227673
0.420000 0.080000 3.270793
0.440000 0.080000 3.304965
0.460000 0.080000 3.330201
0.480000 0.080000 3.346495
0.500000 0.080000 3.353816
0.520000 0.080000 3.352113
0.540000 0.080000 3.341312
0.560000 0.080000 3.321317
0.580000 0.080000 3.292008
0.600000 0.080000 3.253235
0.620000 0.080000 3.204821
0.640000 0.080000 3.146552
0.660000 0.080000 3.078178
0.680000 0.080000 2.999400
0.700000 0.080000 2.909866
0.720000 0.080000 2.809161
0.740000 0.080000 2.696794
0.760000 0.080000 2.572177
0.780000 0.080000 2.434612
0.800000 0.080000 2.283257
0.820000 0.080000 2.117093
0.840000 0.080000 1.934873
0.860000 0.080000 1.735065
0.880000 0.080000 1.515764
0.900000 0.080000 1.274589
0.920000 0.080000 1.008555
0.940000 0.080000 0.713936
0.960000 0.080000 0.386169
0.980000 0.080000 0.019867

0.000000 0.060000 0.019883
0.020000 0.060000 0.306635
0.040000 0.060000 0.563180
0.060000 0.060000 0.794736
0.080000 0.060000 1.005472
0.100000 0.060000 1.198557
0.120000 0.060000 1.376353
0.140000 0.060000 1.540624
0.160000 0.060000 1.692696
0.180000 0.060000 1.833579
0.200000 0.060000 1.964051
0.220000 0.060000 2.084714
0.240000 0.060000 2.196040
0.260000 0.060000 2.298400
0.280000 0.060000 2.392086
0.300000 0.060000 2.477327
0.320000 0.060000 2.554304
0.340000 0.060000 2.623155
0.360000 0.060000 2.683987
0.380000 0.060000 2.736879
0.400000 0.060000 2.781886
0.420000 0.060000 2.819045
0.440000 0.060000 2.848373
0.460000 0.060000 2.869872
0.480000 0.060000 2.883531
0.500000 0.060000 2.889323
0.520000 0.060000 2.887207
0.540000 0.060000 2.877130
0.560000 0.060000 2.859020
0.580000 0.060000 2.832793
0.600000 0.060000 2.798342
0.620000 0.060000 2.755542
0.640000 0.060000 2.704241
0.660000 0.060000 2.644260
0.680000 0.060000 2.575384
0.700000 0.060000 2.497358
0.720000 0.060000 2.409874
0.740000 0.060000 2.312566
0.760000 0.060000 2.204988
0.780000 0.060000 2.086599
0.800000 0.060000 1.956738
0.820000 0.060000 1.814582
0.840000 0.060000 1.659105
0.860000 0.060000 1.489004
0.880000 0.060000 1.302604
0.900000 0.060000 1.097718
0.920000 0.060000 0.871460
0.940000 0.060000 0.619995
0.960000 0.060000 0.338286
0.980000 0.060000 0.019966

0.000000 0.040000 0.020057
0.020000 0.040000 0.260003
0.040000 0.040000 0.471185
0.060000 0.040000 0.660283
0.080000 0.040000 0.831978
0.100000 0.040000 0.989431
0.120000 0.040000 1.134792
0.140000 0.040000 1.269548
0.160000 0.040000 1.394755
0.180000 0.040000 1.511176
0.200000 0.040000 1.619373
0.220000 0.040000 1.719761
0.240000 0.040000 1.812654
0.260000 0.040000 1.898286
0.280000 0.040000 1.976832
0.300000 0.040000 2.048422
0.320000 0.040000 2.113151
0.340000 0.040000 2.171087
0.360000 0.040000 2.222278
0.380000 0.040000 2.266752
0.400000 0.040000 2.304528
0.420000 0.040000 2.335609
0.440000 0.040000 2.359994
0.460000 0.040000 2.377671
0.480000 0.040000 2.388624
0.500000 0.040000 2.392830
0.520000 0.040000 2.390259
0.540000 0.040000 2.380875
0.560000 0.040000 2.364639
0.580000 0.040000 2.341498
0.600000 0.040000 2.311393
0.620000 0.040000 2.274255
0.640000 0.040000 2.229996
0.660000 0.040000 2.178516
0.680000 0.040000 2.119689
0.700000 0.040000 2.053363
0.720000 0.040000 1.979352
0.740000 0.040000 1.897427
0.760000 0.040000 1.807302
0.780000 0.040000 1.708621
0.800000 0.040000 1.600933
0.820000 0.040000 1.483664
0.840000 0.040000 1.356071
0.860000 0.040000 1.217175
0.880000 0.040000 1.065666
0.900000 0.040000 0.899735
0.920000 0.040000 0.716830
0.940000 0.040000 0.513256
0.960000 0.040000 0.283617
0.980000 0.040000 0.020258

0.000000 0.020000 0.020789
0.020000 0.020000 0.205186
0.040000 0.020000 0.363951
0.060000 0.020000 0.505625
0.080000 0.020000 0.634891
0.100000 0.020000 0.754383
0.120000 0.020000 0.865666
0.140000 0.020000 0.969718
0.160000 0.020000 1.067176
0.180000 0.020000 1.158464
0.200000 0.020000 1.243864
0.220000 0.020000 1.323569
0.240000 0.020000 1.397701
0.260000 0.020000 1.466339
0.280000 0.020000 1.529526
0.300000 0.020000 1.587282
0.320000 0.020000 1.639611
0.340000 0.020000 1.686501
0.360000 0.020000 1.727937
0.380000 0.020000 1.763894
0.400000 0.020000 1.794348
0.420000 0.020000 1.819273
0.440000 0.020000 1.838642
0.460000 0.020000 1.852431
0.480000 0.020000 1.860618
0.500000 0.020000 1.863183
0.520000 0.020000 1.860107
0.540000 0.020000 1.851376
0.560000 0.020000 1.836977
0.580000 0.020000 1.816897
0.600000 0.020000 1.791124
0.620000 0.020000 1.759645
0.640000 0.020000 1.722444
0.660000 0.020000 1.679499
0.680000 0.020000 1.630782
0.700000 0.020000 1.576250
0.720000 0.020000 1.515848
0.740000 0.020000 1.449494
0.760000 0.020000 1.377078
0.780000 0.020000 1.298449
0.800000 0.020000 1.213399
0.820000 0.020000 1.121643
0.840000 0.020000 1.022785
0.860000 0.020000 0.916271
0.880000 0.020000 0.801306
0.900000 0.020000 0.676711
0.920000 0.020000 0.540655
0.940000 0.020000 0.390127
0.960000 0.020000 0.219905
0.980000 0.020000 0.020891

0.000000 0.000000 0.024005
0.020000 0.000000 0.138353
0.040000 0.000000 0.235821
0.060000 0.000000 0.325163
0.080000 0.000000 0.409206
0.100000 0.000000 0.489047
0.120000 0.000000 0.565169
0.140000 0.000000 0.637790
0.160000 0.000000 0.706994
0.180000 0.000000 0.772785
0.200000 0.000000 0.835126
0.220000 0.000000 0.893951
0.240000 0.000000 0.949176
0.260000 0.000000 1.000707
0.280000 0.000000 1.048449
0.300000 0.000000 1.092302
0.320000 0.000000 1.132172
0.340000 0.000000 1.167967
0.360000 0.000000 1.199602
0.380000 0.000000 1.226999
0.400000 0.000000 1.250091
0.420000 0.000000 1.268816
0.440000 0.000000 1.283125
0.460000 0.000000 1.292980
0.480000 0.000000 1.298351
0.500000 0.000000 1.299222
0.520000 0.000000 1.295588
0.540000 0.000000 1.287453
0.560000 0.000000 1.274833
0.580000 0.000000 1.257754
0.600000 0.000000 1.236255
0.620000 0.000000 1.210381
0.640000 0.000000 1.180188
0.660000 0.000000 1.145737
0.680000 0.000000 1.107099
0.700000 0.000000 1.064348
0.720000 0.000000 1.017560
0.740000 0.000000 0.966814
0.760000 0.000000 0.912185
0.780000 0.000000 0.853739
0.800000 0.000000 0.791534
0.820000 0.000000 0.725603
0.840000 0.000000 0.655948
0.860000 0.000000 0.582518
0.880000 0.000000 0.505177
0.900000 0.000000 0.423634
0.920000 0.000000 0.337301
0.940000 0.000000 0.244874
0.960000 0.000000 0.142951
0.980000 0.000000 0.020550

